단어,개체명 인식,id
한승연,O,4IOhur8xqmY
Hanseun,O,4IOhur8xqmY
gy,O,4IOhur8xqmY
eo,O,4IOhur8xqmY
n,O,4IOhur8xqmY
안동,B_LOC,4IOhur8xqmY
여행,O,4IOhur8xqmY
한승연,O,4IOhur8xqmY
inthetrip,O,4IOhur8xqmY
안동,B_LOC,4IOhur8xqmY
vlog,O,4IOhur8xqmY
ㅡㅡㅡ,ㅡㅡㅡ,4IOhur8xqmY
더,O,4IOhur8xqmY
 ,O,4IOhur8xqmY
색다르고,O,4IOhur8xqmY
 ,O,4IOhur8xqmY
더,O,4IOhur8xqmY
 ,O,4IOhur8xqmY
맛있는,O,4IOhur8xqmY
 ,O,4IOhur8xqmY
안동,B_LOC,4IOhur8xqmY
!,O,4IOhur8xqmY
ㅡㅡㅡ,ㅡㅡㅡ,4IOhur8xqmY
안동,B_LOC,4IOhur8xqmY
은,O,4IOhur8xqmY
 ,O,4IOhur8xqmY
밤,O,4IOhur8xqmY
에,O,4IOhur8xqmY
 ,O,4IOhur8xqmY
더,O,4IOhur8xqmY
 ,O,4IOhur8xqmY
빛난다!,O,4IOhur8xqmY
 ,O,4IOhur8xqmY
처음,O,4IOhur8xqmY
 ,O,4IOhur8xqmY
만난,O,4IOhur8xqmY
 ,O,4IOhur8xqmY
안동,B_LOC,4IOhur8xqmY
의,O,4IOhur8xqmY
 ,O,4IOhur8xqmY
야경은,O,4IOhur8xqmY
 ,O,4IOhur8xqmY
정말,O,4IOhur8xqmY
 ,O,4IOhur8xqmY
아름다웠어요.,O,4IOhur8xqmY
ㅡㅡㅡ,ㅡㅡㅡ,4IOhur8xqmY
꽉꽉,O,4IOhur8xqmY
 ,O,4IOhur8xqmY
채운여행,O,4IOhur8xqmY
 ,O,4IOhur8xqmY
후에즐길,O,4IOhur8xqmY
 ,O,4IOhur8xqmY
수,O,4IOhur8xqmY
 ,O,4IOhur8xqmY
있는,O,4IOhur8xqmY
 ,O,4IOhur8xqmY
감성적인,O,4IOhur8xqmY
 ,O,4IOhur8xqmY
야경.,O,4IOhur8xqmY
ㅡㅡㅡ,ㅡㅡㅡ,4IOhur8xqmY
멋진,O,4IOhur8xqmY
안동,B_LOC,4IOhur8xqmY
 ,O,4IOhur8xqmY
여행의피로를,O,4IOhur8xqmY
 ,O,4IOhur8xqmY
싹,O,4IOhur8xqmY
 ,O,4IOhur8xqmY
잊게,O,4IOhur8xqmY
 ,O,4IOhur8xqmY
해,O,4IOhur8xqmY
 ,O,4IOhur8xqmY
줄,O,4IOhur8xqmY
 ,O,4IOhur8xqmY
어디에서도,O,4IOhur8xqmY
 ,O,4IOhur8xqmY
볼,O,4IOhur8xqmY
 ,O,4IOhur8xqmY
수,O,4IOhur8xqmY
 ,O,4IOhur8xqmY
없는,O,4IOhur8xqmY
안동,B_LOC,4IOhur8xqmY
만의맛과,O,4IOhur8xqmY
 ,O,4IOhur8xqmY
정을,O,4IOhur8xqmY
 ,O,4IOhur8xqmY
소개합니다!!!,O,4IOhur8xqmY
ㅡㅡㅡ,ㅡㅡㅡ,4IOhur8xqmY
이번,O,4IOhur8xqmY
 ,O,4IOhur8xqmY
여행으로,O,4IOhur8xqmY
 ,O,4IOhur8xqmY
정말,O,4IOhur8xqmY
 ,O,4IOhur8xqmY
새로운,O,4IOhur8xqmY
 ,O,4IOhur8xqmY
안동,B_LOC,4IOhur8xqmY
의,O,4IOhur8xqmY
 ,O,4IOhur8xqmY
모습을,O,4IOhur8xqmY
 ,O,4IOhur8xqmY
볼,O,4IOhur8xqmY
 ,O,4IOhur8xqmY
수,O,4IOhur8xqmY
 ,O,4IOhur8xqmY
있었는데요.,O,4IOhur8xqmY
ㅡㅡㅡ,ㅡㅡㅡ,4IOhur8xqmY
정말,O,4IOhur8xqmY
 ,O,4IOhur8xqmY
조용하고,O,4IOhur8xqmY
 ,O,4IOhur8xqmY
그어느,O,4IOhur8xqmY
 ,O,4IOhur8xqmY
곳보다,O,4IOhur8xqmY
 ,O,4IOhur8xqmY
한국적인,O,4IOhur8xqmY
 ,O,4IOhur8xqmY
풍경,O,4IOhur8xqmY
 ,O,4IOhur8xqmY
그리고,O,4IOhur8xqmY
 ,O,4IOhur8xqmY
"정서,분위기까지느낄",O,4IOhur8xqmY
 ,O,4IOhur8xqmY
수,O,4IOhur8xqmY
 ,O,4IOhur8xqmY
있었어요.,O,4IOhur8xqmY
ㅡㅡㅡ,ㅡㅡㅡ,4IOhur8xqmY
바쁜,O,4IOhur8xqmY
 ,O,4IOhur8xqmY
도시에서,O,4IOhur8xqmY
 ,O,4IOhur8xqmY
벗어나,O,4IOhur8xqmY
 ,O,4IOhur8xqmY
옛날,O,4IOhur8xqmY
 ,O,4IOhur8xqmY
우리,O,4IOhur8xqmY
 ,O,4IOhur8xqmY
선조,O,4IOhur8xqmY
들이,O,4IOhur8xqmY
 ,O,4IOhur8xqmY
즐겼던,O,4IOhur8xqmY
 ,O,4IOhur8xqmY
아름다운,O,4IOhur8xqmY
 ,O,4IOhur8xqmY
감성들을,O,4IOhur8xqmY
 ,O,4IOhur8xqmY
느낄,O,4IOhur8xqmY
 ,O,4IOhur8xqmY
수,O,4IOhur8xqmY
 ,O,4IOhur8xqmY
있어서,O,4IOhur8xqmY
 ,O,4IOhur8xqmY
특별했답니다.,O,4IOhur8xqmY
ㅡㅡㅡ,ㅡㅡㅡ,4IOhur8xqmY
(본영상은,O,4IOhur8xqmY
2020년11월초,O,4IOhur8xqmY
사회적거리두기,O,4IOhur8xqmY
1단계,O,4IOhur8xqmY
당시촬영된영상으로관계기관협조및,O,4IOhur8xqmY
관계자,O,4IOhur8xqmY
입회하에철저한소독및,O,4IOhur8xqmY
 ,O,4IOhur8xqmY
방역수칙을준수하여촬영하였습니다.,O,4IOhur8xqmY
 ,O,4IOhur8xqmY
"또한사전섭외,협의된별도공간및시간에안전하게촬영진행되었습니다)",O,4IOhur8xqmY
ㅡㅡㅡ,ㅡㅡㅡ,ㅡㅡㅡ
마카다안동,O,Se4A8GHLDxQ
 ,O,Se4A8GHLDxQ
(,O,Se4A8GHLDxQ
안동시청,O,Se4A8GHLDxQ
),O,Se4A8GHLDxQ
 ,O,Se4A8GHLDxQ
-,O,Se4A8GHLDxQ
 ,O,Se4A8GHLDxQ
https,O,Se4A8GHLDxQ
://,O,Se4A8GHLDxQ
www,O,Se4A8GHLDxQ
.youtube.com/channel/UCbdBIZiwlOl8lkvkrEaHGNQ,O,Se4A8GHLDxQ
ㅡㅡㅡ,ㅡㅡㅡ,Se4A8GHLDxQ
안동,B_LOC,Se4A8GHLDxQ
관광,O,Se4A8GHLDxQ
 ,O,Se4A8GHLDxQ
-,O,Se4A8GHLDxQ
 ,O,Se4A8GHLDxQ
ht,O,Se4A8GHLDxQ
tp://,O,Se4A8GHLDxQ
www.tourandong.com/public,O,Se4A8GHLDxQ
/,O,Se4A8GHLDxQ
ㅡㅡㅡ,ㅡㅡㅡ,Se4A8GHLDxQ
#유료광고포함,O,Se4A8GHLDxQ
ㅡㅡㅡ,ㅡㅡㅡ,Se4A8GHLDxQ
#,O,Se4A8GHLDxQ
안동,B_LOC,Se4A8GHLDxQ
가볼만한곳,O,Se4A8GHLDxQ
 ,O,Se4A8GHLDxQ
을,O,Se4A8GHLDxQ
 ,O,Se4A8GHLDxQ
추천드려요,O,Se4A8GHLDxQ
 ,O,Se4A8GHLDxQ
세계유산,O,Se4A8GHLDxQ
 ,O,Se4A8GHLDxQ
이,O,Se4A8GHLDxQ
 ,O,Se4A8GHLDxQ
가득한,O,Se4A8GHLDxQ
 ,O,Se4A8GHLDxQ
이곳은,O,Se4A8GHLDxQ
 ,O,Se4A8GHLDxQ
벚꽃여행지,O,Se4A8GHLDxQ
 ,O,Se4A8GHLDxQ
로도,O,Se4A8GHLDxQ
 ,O,Se4A8GHLDxQ
최고였어요,O,Se4A8GHLDxQ
 ,O,Se4A8GHLDxQ
#,O,Se4A8GHLDxQ
안동,B_LOC,Se4A8GHLDxQ
관광,O,Se4A8GHLDxQ
 ,O,Se4A8GHLDxQ
2020년,O,Se4A8GHLDxQ
에,O,Se4A8GHLDxQ
 ,O,Se4A8GHLDxQ
한번,O,Se4A8GHLDxQ
 ,O,Se4A8GHLDxQ
도전해,O,Se4A8GHLDxQ
 ,O,Se4A8GHLDxQ
보시면,O,Se4A8GHLDxQ
 ,O,Se4A8GHLDxQ
어떨까요?,O,Se4A8GHLDxQ
 ,O,Se4A8GHLDxQ
모야네,O,Se4A8GHLDxQ
는,O,Se4A8GHLDxQ
 ,O,Se4A8GHLDxQ
하룻동안,O,Se4A8GHLDxQ
 ,O,Se4A8GHLDxQ
정말,O,Se4A8GHLDxQ
 ,O,Se4A8GHLDxQ
많은,O,Se4A8GHLDxQ
 ,O,Se4A8GHLDxQ
것을,O,Se4A8GHLDxQ
 ,O,Se4A8GHLDxQ
느끼고,O,Se4A8GHLDxQ
 ,O,Se4A8GHLDxQ
힐링,O,Se4A8GHLDxQ
 ,O,Se4A8GHLDxQ
했던,O,Se4A8GHLDxQ
 ,O,Se4A8GHLDxQ
경험,O,Se4A8GHLDxQ
 ,O,Se4A8GHLDxQ
이였답니다,O,Se4A8GHLDxQ
 ,O,Se4A8GHLDxQ
모야네,O,Se4A8GHLDxQ
가,O,Se4A8GHLDxQ
 ,O,Se4A8GHLDxQ
간,O,Se4A8GHLDxQ
 ,O,Se4A8GHLDxQ
#,O,Se4A8GHLDxQ
세계유산,O,Se4A8GHLDxQ
 ,O,Se4A8GHLDxQ
이,O,Se4A8GHLDxQ
 ,O,Se4A8GHLDxQ
가득한,O,Se4A8GHLDxQ
 ,O,Se4A8GHLDxQ
안동,B_LOC,Se4A8GHLDxQ
을,O,Se4A8GHLDxQ
 ,O,Se4A8GHLDxQ
추천,O,Se4A8GHLDxQ
 ,O,Se4A8GHLDxQ
드려요,O,Se4A8GHLDxQ
 ,O,Se4A8GHLDxQ
아름다운,O,Se4A8GHLDxQ
 ,O,Se4A8GHLDxQ
안동,B_LOC,Se4A8GHLDxQ
의,O,Se4A8GHLDxQ
 ,O,Se4A8GHLDxQ
멋진,O,Se4A8GHLDxQ
 ,O,Se4A8GHLDxQ
풍경,O,Se4A8GHLDxQ
 ,O,Se4A8GHLDxQ
함께,O,Se4A8GHLDxQ
 ,O,Se4A8GHLDxQ
할께요~,O,Se4A8GHLDxQ
ㅡㅡㅡ,ㅡㅡㅡ,Se4A8GHLDxQ
가족중심,O,Se4A8GHLDxQ
 ,O,Se4A8GHLDxQ
대표,O,Se4A8GHLDxQ
 ,O,Se4A8GHLDxQ
채널,O,Se4A8GHLDxQ
 ,O,Se4A8GHLDxQ
모야모야패밀리,O,Se4A8GHLDxQ
입니다,O,Se4A8GHLDxQ
ㅡㅡㅡ,ㅡㅡㅡ,Se4A8GHLDxQ
구독,O,Se4A8GHLDxQ
 ,O,Se4A8GHLDxQ
좋아요,O,Se4A8GHLDxQ
 ,O,Se4A8GHLDxQ
알람,O,Se4A8GHLDxQ
 ,O,Se4A8GHLDxQ
버튼은,O,Se4A8GHLDxQ
 ,O,Se4A8GHLDxQ
누르셨다면,O,Se4A8GHLDxQ
 ,O,Se4A8GHLDxQ
여러분도,O,Se4A8GHLDxQ
ㅡㅡㅡ,ㅡㅡㅡ,Se4A8GHLDxQ
이제,O,Se4A8GHLDxQ
 ,O,Se4A8GHLDxQ
모야모야패밀리,O,Se4A8GHLDxQ
입니다.,O,Se4A8GHLDxQ
 ,O,Se4A8GHLDxQ
구독자,O,Se4A8GHLDxQ
님은,O,Se4A8GHLDxQ
 ,O,Se4A8GHLDxQ
우리의,O,Se4A8GHLDxQ
 ,O,Se4A8GHLDxQ
가족,O,Se4A8GHLDxQ
입니다!,O,Se4A8GHLDxQ
ㅡㅡㅡ,ㅡㅡㅡ,Se4A8GHLDxQ
비즈니스메일,O,Se4A8GHLDxQ
 ,O,Se4A8GHLDxQ
:,O,Se4A8GHLDxQ
 ,O,Se4A8GHLDxQ
jkhappy77@gmail,O,Se4A8GHLDxQ
.co,O,Se4A8GHLDxQ
m,O,Se4A8GHLDxQ
ㅡㅡㅡ,ㅡㅡㅡ,Se4A8GHLDxQ
무료구독버튼,O,Se4A8GHLDxQ
 ,O,Se4A8GHLDxQ
|,O,Se4A8GHLDxQ
ㅡㅡㅡ,ㅡㅡㅡ,Se4A8GHLDxQ
모야모야패밀리,O,Se4A8GHLDxQ
 ,O,Se4A8GHLDxQ
http,O,Se4A8GHLDxQ
s://goo.gl/Dt6hXx,O,Se4A8GHLDxQ
ㅡㅡㅡ,ㅡㅡㅡ,Se4A8GHLDxQ
Doh De Oh,O,Se4A8GHLDxQ
 ,O,Se4A8GHLDxQ
by,O,Se4A8GHLDxQ
 ,O,Se4A8GHLDxQ
Kevin MacLeod,O,Se4A8GHLDxQ
 ,O,Se4A8GHLDxQ
is,O,Se4A8GHLDxQ
 ,O,Se4A8GHLDxQ
licensed,O,Se4A8GHLDxQ
 ,O,Se4A8GHLDxQ
under,O,Se4A8GHLDxQ
 ,O,Se4A8GHLDxQ
a,O,Se4A8GHLDxQ
 ,O,Se4A8GHLDxQ
Creative,O,Se4A8GHLDxQ
 ,O,Se4A8GHLDxQ
Commons Attribution,O,Se4A8GHLDxQ
 ,O,Se4A8GHLDxQ
license,O,Se4A8GHLDxQ
 ,O,Se4A8GHLDxQ
(,O,Se4A8GHLDxQ
https,O,Se4A8GHLDxQ
://creativecommons.org/licenses/by/4.0/,O,Se4A8GHLDxQ
),O,Se4A8GHLDxQ
ㅡㅡㅡ,ㅡㅡㅡ,Se4A8GHLDxQ
Source:,O,Se4A8GHLDxQ
 ,O,Se4A8GHLDxQ
http,O,Se4A8GHLDxQ
://,O,Se4A8GHLDxQ
incompetech.com/music/royalty-free/index.html,O,Se4A8GHLDxQ
?isrc=USUAN1100255,O,Se4A8GHLDxQ
ㅡㅡㅡ,ㅡㅡㅡ,Se4A8GHLDxQ
Artist:,O,Se4A8GHLDxQ
 ,O,Se4A8GHLDxQ
h,O,Se4A8GHLDxQ
ttp://,O,Se4A8GHLDxQ
incompetech.com/,O,Se4A8GHLDxQ
ㅡㅡㅡ,ㅡㅡㅡ,Se4A8GHLDxQ
Barroom Ballet,O,Se4A8GHLDxQ
 ,O,Se4A8GHLDxQ
-,O,Se4A8GHLDxQ
 ,O,Se4A8GHLDxQ
Sil,O,Se4A8GHLDxQ
ent,O,Se4A8GHLDxQ
 ,O,Se4A8GHLDxQ
Film,O,Se4A8GHLDxQ
 ,O,Se4A8GHLDxQ
Light,O,Se4A8GHLDxQ
 ,O,Se4A8GHLDxQ
by,O,Se4A8GHLDxQ
 ,O,Se4A8GHLDxQ
Kevin MacLeod,O,Se4A8GHLDxQ
 ,O,Se4A8GHLDxQ
is,O,Se4A8GHLDxQ
 ,O,Se4A8GHLDxQ
licensed,O,Se4A8GHLDxQ
 ,O,Se4A8GHLDxQ
under,O,Se4A8GHLDxQ
 ,O,Se4A8GHLDxQ
a,O,Se4A8GHLDxQ
 ,O,Se4A8GHLDxQ
Creative,O,Se4A8GHLDxQ
 ,O,Se4A8GHLDxQ
Commons,O,Se4A8GHLDxQ
 ,O,Se4A8GHLDxQ
At,O,Se4A8GHLDxQ
tr,O,Se4A8GHLDxQ
ibution,O,Se4A8GHLDxQ
 ,O,Se4A8GHLDxQ
license,O,Se4A8GHLDxQ
 ,O,Se4A8GHLDxQ
(,O,Se4A8GHLDxQ
https,O,Se4A8GHLDxQ
://,O,Se4A8GHLDxQ
creativecommons.org/licenses/by/4.0/,O,Se4A8GHLDxQ
),O,Se4A8GHLDxQ
ㅡㅡㅡ,ㅡㅡㅡ,Se4A8GHLDxQ
Source:,O,Se4A8GHLDxQ
 ,O,Se4A8GHLDxQ
http,O,Se4A8GHLDxQ
://,O,Se4A8GHLDxQ
incompetech.com/music/royalty-free/index.html,O,Se4A8GHLDxQ
?isrc=USUAN1100310,O,Se4A8GHLDxQ
ㅡㅡㅡ,O,Se4A8GHLDxQ
Artist:,O,Se4A8GHLDxQ
 ,O,Se4A8GHLDxQ
h,O,Se4A8GHLDxQ
ttp://,O,Se4A8GHLDxQ
incompetech.com/,O,Se4A8GHLDxQ
ㅡㅡㅡ,ㅡㅡㅡ,Se4A8GHLDxQ
Marty,O,Se4A8GHLDxQ
 ,O,Se4A8GHLDxQ
Gots,O,Se4A8GHLDxQ
 ,O,Se4A8GHLDxQ
a,O,Se4A8GHLDxQ
 ,O,Se4A8GHLDxQ
Plan,O,Se4A8GHLDxQ
 ,O,Se4A8GHLDxQ
by,O,Se4A8GHLDxQ
 ,O,Se4A8GHLDxQ
Kevin MacLeod,O,Se4A8GHLDxQ
 ,O,Se4A8GHLDxQ
is,O,Se4A8GHLDxQ
 ,O,Se4A8GHLDxQ
licensed,O,Se4A8GHLDxQ
 ,O,Se4A8GHLDxQ
under,O,Se4A8GHLDxQ
 ,O,Se4A8GHLDxQ
a,O,Se4A8GHLDxQ
 ,O,Se4A8GHLDxQ
Creative,O,Se4A8GHLDxQ
 ,O,Se4A8GHLDxQ
Com,O,Se4A8GHLDxQ
mon,O,Se4A8GHLDxQ
s,O,Se4A8GHLDxQ
 ,O,Se4A8GHLDxQ
Attributio,O,Se4A8GHLDxQ
n,O,Se4A8GHLDxQ
 ,O,Se4A8GHLDxQ
license,O,Se4A8GHLDxQ
 ,O,Se4A8GHLDxQ
(,O,Se4A8GHLDxQ
https,O,Se4A8GHLDxQ
://creativecommons.org/licenses/by/4.0/,O,Se4A8GHLDxQ
),O,Se4A8GHLDxQ
ㅡㅡㅡ,ㅡㅡㅡ,Se4A8GHLDxQ
Source:,O,Se4A8GHLDxQ
 ,O,Se4A8GHLDxQ
http,O,Se4A8GHLDxQ
://,O,Se4A8GHLDxQ
incompetech.com/music/royalty-free/index.html,O,Se4A8GHLDxQ
?isrc=USUAN1500015,O,Se4A8GHLDxQ
ㅡㅡㅡ,ㅡㅡㅡ,Se4A8GHLDxQ
Artist:,O,Se4A8GHLDxQ
 ,O,Se4A8GHLDxQ
h,O,Se4A8GHLDxQ
ttp://,O,Se4A8GHLDxQ
incompetech.com/,O,Se4A8GHLDxQ
ㅡㅡㅡ,ㅡㅡㅡ,ㅡㅡㅡ
경북,O,Wo_bmnBtcmQ
애인,O,Wo_bmnBtcmQ
 ,O,Wo_bmnBtcmQ
크리에이터,O,Wo_bmnBtcmQ
로써,O,Wo_bmnBtcmQ
 ,O,Wo_bmnBtcmQ
마지막,O,Wo_bmnBtcmQ
 ,O,Wo_bmnBtcmQ
여행지는,O,Wo_bmnBtcmQ
 ,O,Wo_bmnBtcmQ
안동,B_LOC,Wo_bmnBtcmQ
ㅡㅡㅡ,ㅡㅡㅡ,Wo_bmnBtcmQ
경북,O,Wo_bmnBtcmQ
 ,O,Wo_bmnBtcmQ
안동,B_LOC,Wo_bmnBtcmQ
에서,O,Wo_bmnBtcmQ
 ,O,Wo_bmnBtcmQ
힐링여행하기,O,Wo_bmnBtcmQ
ㅡㅡㅡ,ㅡㅡㅡ,Wo_bmnBtcmQ
안동,B_LOC,Wo_bmnBtcmQ
에서,O,Wo_bmnBtcmQ
 ,O,Wo_bmnBtcmQ
쉬는듯,O,Wo_bmnBtcmQ
 ,O,Wo_bmnBtcmQ
여행하는듯,O,Wo_bmnBtcmQ
 ,O,Wo_bmnBtcmQ
지내본,O,Wo_bmnBtcmQ
 ,O,Wo_bmnBtcmQ
1박2일,O,Wo_bmnBtcmQ
입니다.,O,Wo_bmnBtcmQ
ㅡㅡㅡ,ㅡㅡㅡ,Wo_bmnBtcmQ
*,O,Wo_bmnBtcmQ
 ,O,Wo_bmnBtcmQ
이,O,Wo_bmnBtcmQ
 ,O,Wo_bmnBtcmQ
영상은,O,Wo_bmnBtcmQ
 ,O,Wo_bmnBtcmQ
거리두기,O,Wo_bmnBtcmQ
 ,O,Wo_bmnBtcmQ
2단계,O,Wo_bmnBtcmQ
 ,O,Wo_bmnBtcmQ
전,O,Wo_bmnBtcmQ
 ,O,Wo_bmnBtcmQ
촬영한,O,Wo_bmnBtcmQ
 ,O,Wo_bmnBtcmQ
영상입니다.,O,Wo_bmnBtcmQ
ㅡㅡㅡ,ㅡㅡㅡ,Wo_bmnBtcmQ
#,O,Wo_bmnBtcmQ
경북,O,Wo_bmnBtcmQ
여행,O,Wo_bmnBtcmQ
 ,O,Wo_bmnBtcmQ
#,O,Wo_bmnBtcmQ
3대,O,Wo_bmnBtcmQ
문화권,O,Wo_bmnBtcmQ
 ,O,Wo_bmnBtcmQ
#,O,Wo_bmnBtcmQ
안동포전시관,B_TOR,Wo_bmnBtcmQ
 ,O,Wo_bmnBtcmQ
#,O,Wo_bmnBtcmQ
안동,B_LOC,Wo_bmnBtcmQ
ㅡㅡㅡ,ㅡㅡㅡ,Wo_bmnBtcmQ
imoc@naver.com,O,Wo_bmnBtcmQ
ㅡㅡㅡ,ㅡㅡㅡ,ㅡㅡㅡ
안동,B_LOC,v9FV8pvbZiA
 ,O,v9FV8pvbZiA
공모전,O,v9FV8pvbZiA
 ,O,v9FV8pvbZiA
영상입니다,O,v9FV8pvbZiA
ㅡㅡㅡ,ㅡㅡㅡ,ㅡㅡㅡ
#브이로그,O,ksN6LvTpm0I
 ,O,ksN6LvTpm0I
#,O,ksN6LvTpm0I
주부,O,ksN6LvTpm0I
 ,O,ksN6LvTpm0I
#여행,O,ksN6LvTpm0I
ㅡㅡㅡ,ㅡㅡㅡ,ksN6LvTpm0I
이,O,ksN6LvTpm0I
 ,O,ksN6LvTpm0I
영상은,O,ksN6LvTpm0I
 ,O,ksN6LvTpm0I
"협찬,",O,ksN6LvTpm0I
 ,O,ksN6LvTpm0I
광고를,O,ksN6LvTpm0I
 ,O,ksN6LvTpm0I
포함하지,O,ksN6LvTpm0I
 ,O,ksN6LvTpm0I
않습니다,O,ksN6LvTpm0I
ㅡㅡㅡ,ㅡㅡㅡ,ksN6LvTpm0I
"안녕하세요,",O,ksN6LvTpm0I
 ,O,ksN6LvTpm0I
오딜,O,ksN6LvTpm0I
입니다,O,ksN6LvTpm0I
ㅡㅡㅡ,ㅡㅡㅡ,ksN6LvTpm0I
싱그러운,O,ksN6LvTpm0I
 ,O,ksN6LvTpm0I
청포도,O,ksN6LvTpm0I
가,O,ksN6LvTpm0I
 ,O,ksN6LvTpm0I
생각나는,O,ksN6LvTpm0I
 ,O,ksN6LvTpm0I
칠월,O,ksN6LvTpm0I
의,O,ksN6LvTpm0I
 ,O,ksN6LvTpm0I
안동,B_LOC,ksN6LvTpm0I
",",O,ksN6LvTpm0I
ㅡㅡㅡ,ㅡㅡㅡ,ksN6LvTpm0I
야트막한,O,ksN6LvTpm0I
 ,O,ksN6LvTpm0I
담장을,O,ksN6LvTpm0I
 ,O,ksN6LvTpm0I
가진,O,ksN6LvTpm0I
 ,O,ksN6LvTpm0I
황토집을,O,ksN6LvTpm0I
 ,O,ksN6LvTpm0I
한 채,O,ksN6LvTpm0I
 ,O,ksN6LvTpm0I
빌려서,O,ksN6LvTpm0I
ㅡㅡㅡ,ㅡㅡㅡ,ksN6LvTpm0I
여행이지만,O,ksN6LvTpm0I
 ,O,ksN6LvTpm0I
집에서,O,ksN6LvTpm0I
 ,O,ksN6LvTpm0I
쉬는,O,ksN6LvTpm0I
 ,O,ksN6LvTpm0I
것,O,ksN6LvTpm0I
 ,O,ksN6LvTpm0I
같은,O,ksN6LvTpm0I
 ,O,ksN6LvTpm0I
여행을,O,ksN6LvTpm0I
 ,O,ksN6LvTpm0I
하고,O,ksN6LvTpm0I
 ,O,ksN6LvTpm0I
왔어요,O,ksN6LvTpm0I
ㅡㅡㅡ,ㅡㅡㅡ,ksN6LvTpm0I
멋있고,O,ksN6LvTpm0I
 ,O,ksN6LvTpm0I
맛있는,O,ksN6LvTpm0I
 ,O,ksN6LvTpm0I
곳이,O,ksN6LvTpm0I
 ,O,ksN6LvTpm0I
"많았을텐데,",O,ksN6LvTpm0I
ㅡㅡㅡ,ㅡㅡㅡ,ksN6LvTpm0I
마음껏,O,ksN6LvTpm0I
 ,O,ksN6LvTpm0I
둘러보고,O,ksN6LvTpm0I
 ,O,ksN6LvTpm0I
먹어보고,O,ksN6LvTpm0I
ㅡㅡㅡ,ㅡㅡㅡ,ksN6LvTpm0I
신나게,O,ksN6LvTpm0I
 ,O,ksN6LvTpm0I
여행할,O,ksN6LvTpm0I
 ,O,ksN6LvTpm0I
수,O,ksN6LvTpm0I
 ,O,ksN6LvTpm0I
있는,O,ksN6LvTpm0I
 ,O,ksN6LvTpm0I
날이,O,ksN6LvTpm0I
 ,O,ksN6LvTpm0I
오면,O,ksN6LvTpm0I
ㅡㅡㅡ,ㅡㅡㅡ,ksN6LvTpm0I
안동,B_LOC,ksN6LvTpm0I
에,O,ksN6LvTpm0I
 ,O,ksN6LvTpm0I
꼭,O,ksN6LvTpm0I
 ,O,ksN6LvTpm0I
한번,O,ksN6LvTpm0I
 ,O,ksN6LvTpm0I
다시,O,ksN6LvTpm0I
 ,O,ksN6LvTpm0I
가고싶어요,O,ksN6LvTpm0I
ㅡㅡㅡ,ㅡㅡㅡ,ksN6LvTpm0I
이번,O,ksN6LvTpm0I
 ,O,ksN6LvTpm0I
여행은,O,ksN6LvTpm0I
 ,O,ksN6LvTpm0I
마당에서,O,ksN6LvTpm0I
ㅡㅡㅡ,ㅡㅡㅡ,ksN6LvTpm0I
마스크,O,ksN6LvTpm0I
 ,O,ksN6LvTpm0I
없이,O,ksN6LvTpm0I
 ,O,ksN6LvTpm0I
실컷,O,ksN6LvTpm0I
 ,O,ksN6LvTpm0I
숨쉬고,O,ksN6LvTpm0I
ㅡㅡㅡ,ㅡㅡㅡ,ksN6LvTpm0I
원없이,O,ksN6LvTpm0I
 ,O,ksN6LvTpm0I
하늘을,O,ksN6LvTpm0I
 ,O,ksN6LvTpm0I
올려다,O,ksN6LvTpm0I
 ,O,ksN6LvTpm0I
본,O,ksN6LvTpm0I
 ,O,ksN6LvTpm0I
것으로,O,ksN6LvTpm0I
ㅡㅡㅡ,ㅡㅡㅡ,ksN6LvTpm0I
충분히,O,ksN6LvTpm0I
 ,O,ksN6LvTpm0I
넘치게,O,ksN6LvTpm0I
 ,O,ksN6LvTpm0I
행복했어요,O,ksN6LvTpm0I
ㅡㅡㅡ,ㅡㅡㅡ,ksN6LvTpm0I
항상,O,ksN6LvTpm0I
 ,O,ksN6LvTpm0I
재밌게,O,ksN6LvTpm0I
 ,O,ksN6LvTpm0I
봐주셔서,O,ksN6LvTpm0I
 ,O,ksN6LvTpm0I
고맙습니다,O,ksN6LvTpm0I
ㅡㅡㅡ,ㅡㅡㅡ,ksN6LvTpm0I
좋아요,O,ksN6LvTpm0I
 ,O,ksN6LvTpm0I
구독하기✔,O,ksN6LvTpm0I
 ,O,ksN6LvTpm0I
눌러주세요~,O,ksN6LvTpm0I
ㅡㅡㅡ,ㅡㅡㅡ,ksN6LvTpm0I
business,O,ksN6LvTpm0I
 ,O,ksN6LvTpm0I
mail,O,ksN6LvTpm0I
ㅡㅡㅡ,ㅡㅡㅡ,ksN6LvTpm0I
team.odiledaily,O,ksN6LvTpm0I
@,O,ksN6LvTpm0I
gmail.com,O,ksN6LvTpm0I
ㅡㅡㅡ,ㅡㅡㅡ,ksN6LvTpm0I
instagram,O,ksN6LvTpm0I
ㅡㅡㅡ,ㅡㅡㅡ,ksN6LvTpm0I
http,O,ksN6LvTpm0I
s://,O,ksN6LvTpm0I
www.instagram.com/grace.odile,O,ksN6LvTpm0I
ㅡㅡㅡ,ㅡㅡㅡ,ksN6LvTpm0I
I,O,ksN6LvTpm0I
 ,O,ksN6LvTpm0I
would,O,ksN6LvTpm0I
 ,O,ksN6LvTpm0I
appreciate,O,ksN6LvTpm0I
 ,O,ksN6LvTpm0I
it,O,ksN6LvTpm0I
 ,O,ksN6LvTpm0I
if,O,ksN6LvTpm0I
 ,O,ksN6LvTpm0I
you,O,ksN6LvTpm0I
 ,O,ksN6LvTpm0I
could,O,ksN6LvTpm0I
 ,O,ksN6LvTpm0I
put,O,ksN6LvTpm0I
 ,O,ksN6LvTpm0I
subtitles,O,ksN6LvTpm0I
 ,O,ksN6LvTpm0I
in,O,ksN6LvTpm0I
 ,O,ksN6LvTpm0I
your,O,ksN6LvTpm0I
 ,O,ksN6LvTpm0I
language.,O,ksN6LvTpm0I
ㅡㅡㅡ,ㅡㅡㅡ,ksN6LvTpm0I
Thank,O,ksN6LvTpm0I
 ,O,ksN6LvTpm0I
you,O,ksN6LvTpm0I
 ,O,ksN6LvTpm0I
for,O,ksN6LvTpm0I
 ,O,ksN6LvTpm0I
your,O,ksN6LvTpm0I
 ,O,ksN6LvTpm0I
help,O,ksN6LvTpm0I
 ,O,ksN6LvTpm0I
:-),O,ksN6LvTpm0I
ㅡㅡㅡ,ㅡㅡㅡ,ksN6LvTpm0I
http://,O,ksN6LvTpm0I
www.youtube,O,ksN6LvTpm0I
.com,O,ksN6LvTpm0I
/,O,ksN6LvTpm0I
timedtext_video,O,ksN6LvTpm0I
?ref=shar,O,ksN6LvTpm0I
e&v=ksN6LvTpm0I,O,ksN6LvTpm0I
ㅡㅡㅡ,ㅡㅡㅡ,ksN6LvTpm0I
I,O,ksN6LvTpm0I
 ,O,ksN6LvTpm0I
rented,O,ksN6LvTpm0I
 ,O,ksN6LvTpm0I
a,O,ksN6LvTpm0I
 ,O,ksN6LvTpm0I
house,O,ksN6LvTpm0I
 ,O,ksN6LvTpm0I
through,O,ksN6LvTpm0I
 ,O,ksN6LvTpm0I
Airbnb,O,ksN6LvTpm0I
ㅡㅡㅡ,ㅡㅡㅡ,ksN6LvTpm0I
I,O,ksN6LvTpm0I
 ,O,ksN6LvTpm0I
was,O,ksN6LvTpm0I
 ,O,ksN6LvTpm0I
happy,O,ksN6LvTpm0I
 ,O,ksN6LvTpm0I
to,O,ksN6LvTpm0I
 ,O,ksN6LvTpm0I
be,O,ksN6LvTpm0I
 ,O,ksN6LvTpm0I
able,O,ksN6LvTpm0I
 ,O,ksN6LvTpm0I
to,O,ksN6LvTpm0I
 ,O,ksN6LvTpm0I
lie,O,ksN6LvTpm0I
 ,O,ksN6LvTpm0I
down,O,ksN6LvTpm0I
 ,O,ksN6LvTpm0I
in,O,ksN6LvTpm0I
 ,O,ksN6LvTpm0I
the,O,ksN6LvTpm0I
 ,O,ksN6LvTpm0I
yard,O,ksN6LvTpm0I
 ,O,ksN6LvTpm0I
and,O,ksN6LvTpm0I
 ,O,ksN6LvTpm0I
see,O,ksN6LvTpm0I
 ,O,ksN6LvTpm0I
the,O,ksN6LvTpm0I
 ,O,ksN6LvTpm0I
sky,O,ksN6LvTpm0I
 ,O,ksN6LvTpm0I
as,O,ksN6LvTpm0I
 ,O,ksN6LvTpm0I
much,O,ksN6LvTpm0I
 ,O,ksN6LvTpm0I
as,O,ksN6LvTpm0I
 ,O,ksN6LvTpm0I
I,O,ksN6LvTpm0I
 ,O,ksN6LvTpm0I
can,O,ksN6LvTpm0I
ㅡㅡㅡ,ㅡㅡㅡ,ksN6LvTpm0I
Andong,B_LOC,ksN6LvTpm0I
 ,O,ksN6LvTpm0I
is,O,ksN6LvTpm0I
 ,O,ksN6LvTpm0I
a,O,ksN6LvTpm0I
 ,O,ksN6LvTpm0I
place,O,ksN6LvTpm0I
 ,O,ksN6LvTpm0I
resembling,O,ksN6LvTpm0I
 ,O,ksN6LvTpm0I
green,O,ksN6LvTpm0I
 ,O,ksN6LvTpm0I
grapes,O,ksN6LvTpm0I
ㅡㅡㅡ,ㅡㅡㅡ,ksN6LvTpm0I
I,O,ksN6LvTpm0I
 ,O,ksN6LvTpm0I
really,O,ksN6LvTpm0I
 ,O,ksN6LvTpm0I
want,O,ksN6LvTpm0I
 ,O,ksN6LvTpm0I
to,O,ksN6LvTpm0I
 ,O,ksN6LvTpm0I
go,O,ksN6LvTpm0I
 ,O,ksN6LvTpm0I
again,O,ksN6LvTpm0I
 ,O,ksN6LvTpm0I
when,O,ksN6LvTpm0I
 ,O,ksN6LvTpm0I
I,O,ksN6LvTpm0I
 ,O,ksN6LvTpm0I
can,O,ksN6LvTpm0I
 ,O,ksN6LvTpm0I
travel,O,ksN6LvTpm0I
 ,O,ksN6LvTpm0I
without,O,ksN6LvTpm0I
 ,O,ksN6LvTpm0I
a,O,ksN6LvTpm0I
 ,O,ksN6LvTpm0I
mask,O,ksN6LvTpm0I
ㅡㅡㅡ,ㅡㅡㅡ,ksN6LvTpm0I
Thank,O,ksN6LvTpm0I
 ,O,ksN6LvTpm0I
you,O,ksN6LvTpm0I
 ,O,ksN6LvTpm0I
for,O,ksN6LvTpm0I
 ,O,ksN6LvTpm0I
always,O,ksN6LvTpm0I
 ,O,ksN6LvTpm0I
watching,O,ksN6LvTpm0I
 ,O,ksN6LvTpm0I
my,O,ksN6LvTpm0I
 ,O,ksN6LvTpm0I
video!,O,ksN6LvTpm0I
ㅡㅡㅡ,ㅡㅡㅡ,ㅡㅡㅡ
2020년,O,Nfo6uWYErW0
에,O,Nfo6uWYErW0
 ,O,Nfo6uWYErW0
더,O,Nfo6uWYErW0
 ,O,Nfo6uWYErW0
행복한,O,Nfo6uWYErW0
 ,O,Nfo6uWYErW0
한 해,O,Nfo6uWYErW0
가,O,Nfo6uWYErW0
 ,O,Nfo6uWYErW0
되길,O,Nfo6uWYErW0
 ,O,Nfo6uWYErW0
바라며,O,Nfo6uWYErW0
ㅡㅡㅡ,ㅡㅡㅡ,Nfo6uWYErW0
올해,O,Nfo6uWYErW0
 ,O,Nfo6uWYErW0
첫,O,Nfo6uWYErW0
 ,O,Nfo6uWYErW0
영상도,O,Nfo6uWYErW0
 ,O,Nfo6uWYErW0
보러와주셔서,O,Nfo6uWYErW0
 ,O,Nfo6uWYErW0
정말,O,Nfo6uWYErW0
 ,O,Nfo6uWYErW0
감사합니다,O,Nfo6uWYErW0
ㅡㅡㅡ,ㅡㅡㅡ,Nfo6uWYErW0
#,O,Nfo6uWYErW0
안동,B_LOC,Nfo6uWYErW0
여행,O,Nfo6uWYErW0
 ,O,Nfo6uWYErW0
#기차여행,O,Nfo6uWYErW0
ㅡㅡㅡ,ㅡㅡㅡ,ㅡㅡㅡ
한승연,O,H7P_1DNksaM
Hanseun,O,H7P_1DNksaM
gy,O,H7P_1DNksaM
eo,O,H7P_1DNksaM
n,O,H7P_1DNksaM
안동,B_LOC,H7P_1DNksaM
여행,O,H7P_1DNksaM
한승연,O,H7P_1DNksaM
inthetrip,O,H7P_1DNksaM
안동,B_LOC,H7P_1DNksaM
vlog,O,H7P_1DNksaM
ㅡㅡㅡ,ㅡㅡㅡ,H7P_1DNksaM
경북,O,H7P_1DNksaM
 ,O,H7P_1DNksaM
여행,O,H7P_1DNksaM
두 번째,O,H7P_1DNksaM
이야기의,O,H7P_1DNksaM
 ,O,H7P_1DNksaM
시작!,O,H7P_1DNksaM
 ,O,H7P_1DNksaM
안동,B_LOC,H7P_1DNksaM
을,O,H7P_1DNksaM
 ,O,H7P_1DNksaM
소개합니다.,O,H7P_1DNksaM
ㅡㅡㅡ,ㅡㅡㅡ,H7P_1DNksaM
안동,B_LOC,H7P_1DNksaM
의,O,H7P_1DNksaM
 ,O,H7P_1DNksaM
맛집은,O,H7P_1DNksaM
 ,O,H7P_1DNksaM
파스타,O,H7P_1DNksaM
?,O,H7P_1DNksaM
ㅡㅡㅡ,ㅡㅡㅡ,H7P_1DNksaM
공부가안될,O,H7P_1DNksaM
 ,O,H7P_1DNksaM
만큼아름다운,O,H7P_1DNksaM
 ,O,H7P_1DNksaM
곳에,O,H7P_1DNksaM
 ,O,H7P_1DNksaM
위치한,O,H7P_1DNksaM
 ,O,H7P_1DNksaM
병산서원,B_TOR,H7P_1DNksaM
ㅡㅡㅡ,ㅡㅡㅡ,H7P_1DNksaM
교과서사진에서만,O,H7P_1DNksaM
 ,O,H7P_1DNksaM
보던,O,H7P_1DNksaM
하회 마을,B_TOR,H7P_1DNksaM
까지!,O,H7P_1DNksaM
ㅡㅡㅡ,ㅡㅡㅡ,H7P_1DNksaM
고즈넉하고,O,H7P_1DNksaM
 ,O,H7P_1DNksaM
따스한,O,H7P_1DNksaM
 ,O,H7P_1DNksaM
안동,B_LOC,H7P_1DNksaM
의,O,H7P_1DNksaM
 ,O,H7P_1DNksaM
멋을,O,H7P_1DNksaM
 ,O,H7P_1DNksaM
함께,O,H7P_1DNksaM
 ,O,H7P_1DNksaM
즐겨요!,O,H7P_1DNksaM
ㅡㅡㅡ,ㅡㅡㅡ,H7P_1DNksaM
(본,O,H7P_1DNksaM
 ,O,H7P_1DNksaM
영상은,O,H7P_1DNksaM
 ,O,H7P_1DNksaM
2020년 11월 초,O,H7P_1DNksaM
 ,O,H7P_1DNksaM
사회적,O,H7P_1DNksaM
 ,O,H7P_1DNksaM
거리,O,H7P_1DNksaM
 ,O,H7P_1DNksaM
두기,O,H7P_1DNksaM
 ,O,H7P_1DNksaM
1단계,O,H7P_1DNksaM
 ,O,H7P_1DNksaM
당시,O,H7P_1DNksaM
 ,O,H7P_1DNksaM
촬영된,O,H7P_1DNksaM
 ,O,H7P_1DNksaM
영상으로,O,H7P_1DNksaM
 ,O,H7P_1DNksaM
관계,O,H7P_1DNksaM
 ,O,H7P_1DNksaM
기관,O,H7P_1DNksaM
 ,O,H7P_1DNksaM
협조,O,H7P_1DNksaM
 ,O,H7P_1DNksaM
및,O,H7P_1DNksaM
 ,O,H7P_1DNksaM
관계자,O,H7P_1DNksaM
 ,O,H7P_1DNksaM
입회하에,O,H7P_1DNksaM
 ,O,H7P_1DNksaM
철저한,O,H7P_1DNksaM
 ,O,H7P_1DNksaM
소독,O,H7P_1DNksaM
 ,O,H7P_1DNksaM
및,O,H7P_1DNksaM
 ,O,H7P_1DNksaM
방역,O,H7P_1DNksaM
 ,O,H7P_1DNksaM
수칙을,O,H7P_1DNksaM
 ,O,H7P_1DNksaM
준수하여,O,H7P_1DNksaM
 ,O,H7P_1DNksaM
촬영하였습니다.,O,H7P_1DNksaM
 ,O,H7P_1DNksaM
또한,O,H7P_1DNksaM
 ,O,H7P_1DNksaM
사전,O,H7P_1DNksaM
 ,O,H7P_1DNksaM
"섭외,",O,H7P_1DNksaM
 ,O,H7P_1DNksaM
협의된,O,H7P_1DNksaM
 ,O,H7P_1DNksaM
별도,O,H7P_1DNksaM
 ,O,H7P_1DNksaM
공간,O,H7P_1DNksaM
 ,O,H7P_1DNksaM
및,O,H7P_1DNksaM
 ,O,H7P_1DNksaM
시간에,O,H7P_1DNksaM
 ,O,H7P_1DNksaM
안전하게,O,H7P_1DNksaM
 ,O,H7P_1DNksaM
촬영,O,H7P_1DNksaM
 ,O,H7P_1DNksaM
진행되었습니다),O,H7P_1DNksaM
ㅡㅡㅡ,ㅡㅡㅡ,ㅡㅡㅡ
자전거,O,9Nww7r2yL5o
 ,O,9Nww7r2yL5o
초보자,O,9Nww7r2yL5o
의,O,9Nww7r2yL5o
 ,O,9Nww7r2yL5o
국토종주,O,9Nww7r2yL5o
 ,O,9Nww7r2yL5o
여행,O,9Nww7r2yL5o
 ,O,9Nww7r2yL5o
부산,B_LOC,9Nww7r2yL5o
출발로,O,9Nww7r2yL5o
 ,O,9Nww7r2yL5o
낙동강자전거길,O,9Nww7r2yL5o
 ,O,9Nww7r2yL5o
코스,O,9Nww7r2yL5o
 ,O,9Nww7r2yL5o
다녀왔어요!!,O,9Nww7r2yL5o
ㅡㅡㅡ,ㅡㅡㅡ,9Nww7r2yL5o
장기화된,O,9Nww7r2yL5o
 ,O,9Nww7r2yL5o
여행사,O,9Nww7r2yL5o
 ,O,9Nww7r2yL5o
휴직으로,O,9Nww7r2yL5o
 ,O,9Nww7r2yL5o
인해,O,9Nww7r2yL5o
ㅡㅡㅡ,ㅡㅡㅡ,9Nww7r2yL5o
다시,O,9Nww7r2yL5o
 ,O,9Nww7r2yL5o
나태해진,O,9Nww7r2yL5o
 ,O,9Nww7r2yL5o
정신을,O,9Nww7r2yL5o
 ,O,9Nww7r2yL5o
바로,O,9Nww7r2yL5o
 ,O,9Nww7r2yL5o
잡기,O,9Nww7r2yL5o
 ,O,9Nww7r2yL5o
위해,O,9Nww7r2yL5o
 ,O,9Nww7r2yL5o
고생여행!,O,9Nww7r2yL5o
ㅡㅡㅡ,ㅡㅡㅡ,9Nww7r2yL5o
동해안,O,9Nww7r2yL5o
 ,O,9Nww7r2yL5o
종주길,O,9Nww7r2yL5o
 ,O,9Nww7r2yL5o
코스,O,9Nww7r2yL5o
 ,O,9Nww7r2yL5o
이후,O,9Nww7r2yL5o
 ,O,9Nww7r2yL5o
2번째,O,9Nww7r2yL5o
로,O,9Nww7r2yL5o
 ,O,9Nww7r2yL5o
도전한,O,9Nww7r2yL5o
 ,O,9Nww7r2yL5o
부산,B_LOC,9Nww7r2yL5o
출발,O,9Nww7r2yL5o
 ,O,9Nww7r2yL5o
안동,B_LOC,9Nww7r2yL5o
도착(,O,9Nww7r2yL5o
낙동강,O,9Nww7r2yL5o
 ,O,9Nww7r2yL5o
자전거길,O,9Nww7r2yL5o
 ,O,9Nww7r2yL5o
코스),O,9Nww7r2yL5o
ㅡㅡㅡ,ㅡㅡㅡ,9Nww7r2yL5o
숙소는,O,9Nww7r2yL5o
 ,O,9Nww7r2yL5o
코로나,O,9Nww7r2yL5o
때문에,O,9Nww7r2yL5o
 ,O,9Nww7r2yL5o
불안하여,O,9Nww7r2yL5o
 ,O,9Nww7r2yL5o
텐트박으로,O,9Nww7r2yL5o
 ,O,9Nww7r2yL5o
결정!,O,9Nww7r2yL5o
ㅡㅡㅡ,ㅡㅡㅡ,9Nww7r2yL5o
자전거,O,9Nww7r2yL5o
 ,O,9Nww7r2yL5o
뒷받침,O,9Nww7r2yL5o
 ,O,9Nww7r2yL5o
비용,O,9Nww7r2yL5o
 ,O,9Nww7r2yL5o
"15,000원",O,9Nww7r2yL5o
 ,O,9Nww7r2yL5o
주고,O,9Nww7r2yL5o
 ,O,9Nww7r2yL5o
자전거,O,9Nww7r2yL5o
 ,O,9Nww7r2yL5o
방에서,O,9Nww7r2yL5o
 ,O,9Nww7r2yL5o
설치하고,O,9Nww7r2yL5o
 ,O,9Nww7r2yL5o
텐트는,O,9Nww7r2yL5o
 ,O,9Nww7r2yL5o
3만원짜리,O,9Nww7r2yL5o
 ,O,9Nww7r2yL5o
1인원,O,9Nww7r2yL5o
터치,O,9Nww7r2yL5o
 ,O,9Nww7r2yL5o
텐트,O,9Nww7r2yL5o
 ,O,9Nww7r2yL5o
준비했습니다.,O,9Nww7r2yL5o
ㅡㅡㅡ,ㅡㅡㅡ,9Nww7r2yL5o
2박3일동안,O,9Nww7r2yL5o
 ,O,9Nww7r2yL5o
약 400km,O,9Nww7r2yL5o
 ,O,9Nww7r2yL5o
가야,O,9Nww7r2yL5o
 ,O,9Nww7r2yL5o
하기에,O,9Nww7r2yL5o
ㅡㅡㅡ,ㅡㅡㅡ,9Nww7r2yL5o
자전거,O,9Nww7r2yL5o
 ,O,9Nww7r2yL5o
초보인,O,9Nww7r2yL5o
 ,O,9Nww7r2yL5o
저는,O,9Nww7r2yL5o
 ,O,9Nww7r2yL5o
시작부터,O,9Nww7r2yL5o
 ,O,9Nww7r2yL5o
오버페이스로,O,9Nww7r2yL5o
 ,O,9Nww7r2yL5o
"달렸는데,,",O,9Nww7r2yL5o
영아지고개,O,9Nww7r2yL5o
 ,O,9Nww7r2yL5o
내리막에서,O,9Nww7r2yL5o
 ,O,9Nww7r2yL5o
빗길에,O,9Nww7r2yL5o
 ,O,9Nww7r2yL5o
미끄러져서...,O,9Nww7r2yL5o
ㅡㅡㅡ,ㅡㅡㅡ,9Nww7r2yL5o
안전사고,O,9Nww7r2yL5o
 ,O,9Nww7r2yL5o
생각은,O,9Nww7r2yL5o
 ,O,9Nww7r2yL5o
1도,O,9Nww7r2yL5o
 ,O,9Nww7r2yL5o
안하고,O,9Nww7r2yL5o
 ,O,9Nww7r2yL5o
막,O,9Nww7r2yL5o
 ,O,9Nww7r2yL5o
달리다가.ㅠㅠ...,O,9Nww7r2yL5o
ㅡㅡㅡ,ㅡㅡㅡ,9Nww7r2yL5o
안전하게,O,9Nww7r2yL5o
 ,O,9Nww7r2yL5o
라이딩,O,9Nww7r2yL5o
 ,O,9Nww7r2yL5o
하세요,O,9Nww7r2yL5o
ㅡㅡㅡ,ㅡㅡㅡ,9Nww7r2yL5o
ㅡㅡㅡ,ㅡㅡㅡ,9Nww7r2yL5o
INSTA,O,9Nww7r2yL5o
 ,O,9Nww7r2yL5o
:,O,9Nww7r2yL5o
 ,O,9Nww7r2yL5o
@,O,9Nww7r2yL5o
honestboy58,O,9Nww7r2yL5o
ㅡㅡㅡ,ㅡㅡㅡ,9Nww7r2yL5o
네이버블로그,O,9Nww7r2yL5o
 ,O,9Nww7r2yL5o
:,O,9Nww7r2yL5o
 ,O,9Nww7r2yL5o
https:,O,9Nww7r2yL5o
//,O,9Nww7r2yL5o
blog.naver.com/honestboy58,O,9Nww7r2yL5o
ㅡㅡㅡ,ㅡㅡㅡ,9Nww7r2yL5o
#,O,9Nww7r2yL5o
자전거,O,9Nww7r2yL5o
국토종주부산,O,9Nww7r2yL5o
 ,O,9Nww7r2yL5o
#,O,9Nww7r2yL5o
자전거,O,9Nww7r2yL5o
여행,O,9Nww7r2yL5o
 ,O,9Nww7r2yL5o
#,O,9Nww7r2yL5o
부산,B_LOC,9Nww7r2yL5o
출발,O,9Nww7r2yL5o
ㅡㅡㅡ,ㅡㅡㅡ,ㅡㅡㅡ
안동,B_LOC,QKknvjCDV2A
 ,O,QKknvjCDV2A
여행중에,O,QKknvjCDV2A
 ,O,QKknvjCDV2A
문,O,QKknvjCDV2A
화의,O,QKknvjCDV2A
 ,O,QKknvjCDV2A
거리,O,QKknvjCDV2A
를,O,QKknvjCDV2A
 ,O,QKknvjCDV2A
찾았다.,O,QKknvjCDV2A
ㅡㅡㅡ,ㅡㅡㅡ,QKknvjCDV2A
평일,O,QKknvjCDV2A
이라,O,QKknvjCDV2A
 ,O,QKknvjCDV2A
도심은,O,QKknvjCDV2A
 ,O,QKknvjCDV2A
조용한,O,QKknvjCDV2A
 ,O,QKknvjCDV2A
편이었고,O,QKknvjCDV2A
ㅡㅡㅡ,ㅡㅡㅡ,QKknvjCDV2A
야경이,O,QKknvjCDV2A
 ,O,QKknvjCDV2A
아름다웠다.,O,QKknvjCDV2A
ㅡㅡㅡ,ㅡㅡㅡ,QKknvjCDV2A
안동,B_TOR,QKknvjCDV2A
문화의거리,I_TOR,QKknvjCDV2A
에,O,QKknvjCDV2A
 ,O,QKknvjCDV2A
먹거리가,O,QKknvjCDV2A
 ,O,QKknvjCDV2A
몰려,O,QKknvjCDV2A
 ,O,QKknvjCDV2A
있어,O,QKknvjCDV2A
ㅡㅡㅡ,ㅡㅡㅡ,QKknvjCDV2A
맛집,O,QKknvjCDV2A
 ,O,QKknvjCDV2A
찾기에는,O,QKknvjCDV2A
 ,O,QKknvjCDV2A
어려움이,O,QKknvjCDV2A
 ,O,QKknvjCDV2A
없는,O,QKknvjCDV2A
 ,O,QKknvjCDV2A
듯,O,QKknvjCDV2A
 ,O,QKknvjCDV2A
하다.,O,QKknvjCDV2A
ㅡㅡㅡ,ㅡㅡㅡ,QKknvjCDV2A
I,O,QKknvjCDV2A
 ,O,QKknvjCDV2A
found,O,QKknvjCDV2A
 ,O,QKknvjCDV2A
a,O,QKknvjCDV2A
 ,O,QKknvjCDV2A
cultural,O,QKknvjCDV2A
 ,O,QKknvjCDV2A
street,O,QKknvjCDV2A
 ,O,QKknvjCDV2A
during,O,QKknvjCDV2A
 ,O,QKknvjCDV2A
my,O,QKknvjCDV2A
 ,O,QKknvjCDV2A
trip,O,QKknvjCDV2A
 ,O,QKknvjCDV2A
to,O,QKknvjCDV2A
 ,O,QKknvjCDV2A
Andong,O,QKknvjCDV2A
.,O,QKknvjCDV2A
ㅡㅡㅡ,ㅡㅡㅡ,QKknvjCDV2A
It,O,QKknvjCDV2A
 ,O,QKknvjCDV2A
was,O,QKknvjCDV2A
 ,O,QKknvjCDV2A
a,O,QKknvjCDV2A
 ,O,QKknvjCDV2A
"weekday,",O,QKknvjCDV2A
 ,O,QKknvjCDV2A
so,O,QKknvjCDV2A
 ,O,QKknvjCDV2A
the,O,QKknvjCDV2A
 ,O,QKknvjCDV2A
city,O,QKknvjCDV2A
 ,O,QKknvjCDV2A
was,O,QKknvjCDV2A
 ,O,QKknvjCDV2A
quiet.,O,QKknvjCDV2A
ㅡㅡㅡ,ㅡㅡㅡ,QKknvjCDV2A
The,O,QKknvjCDV2A
 ,O,QKknvjCDV2A
night,O,QKknvjCDV2A
 ,O,QKknvjCDV2A
view,O,QKknvjCDV2A
 ,O,QKknvjCDV2A
was,O,QKknvjCDV2A
 ,O,QKknvjCDV2A
beautiful.,O,QKknvjCDV2A
ㅡㅡㅡ,ㅡㅡㅡ,QKknvjCDV2A
There's,O,QKknvjCDV2A
 ,O,QKknvjCDV2A
food,O,QKknvjCDV2A
 ,O,QKknvjCDV2A
all,O,QKknvjCDV2A
 ,O,QKknvjCDV2A
over,O,QKknvjCDV2A
 ,O,QKknvjCDV2A
Andong Culture Street,O,QKknvjCDV2A
.,O,QKknvjCDV2A
ㅡㅡㅡ,ㅡㅡㅡ,QKknvjCDV2A
There,O,QKknvjCDV2A
 ,O,QKknvjCDV2A
seems,O,QKknvjCDV2A
 ,O,QKknvjCDV2A
to,O,QKknvjCDV2A
 ,O,QKknvjCDV2A
be,O,QKknvjCDV2A
 ,O,QKknvjCDV2A
no,O,QKknvjCDV2A
 ,O,QKknvjCDV2A
difficulty,O,QKknvjCDV2A
 ,O,QKknvjCDV2A
finding,O,QKknvjCDV2A
 ,O,QKknvjCDV2A
a,O,QKknvjCDV2A
 ,O,QKknvjCDV2A
good,O,QKknvjCDV2A
 ,O,QKknvjCDV2A
restaurant.,O,QKknvjCDV2A
ㅡㅡㅡ,ㅡㅡㅡ,QKknvjCDV2A
□,O,QKknvjCDV2A
 ,O,QKknvjCDV2A
배경음악,O,QKknvjCDV2A
ㅡㅡㅡ,ㅡㅡㅡ,QKknvjCDV2A
아판뮤직,O,QKknvjCDV2A
ㅡㅡㅡ,ㅡㅡㅡ,QKknvjCDV2A
박지윤,O,QKknvjCDV2A
 ,O,QKknvjCDV2A
-,O,QKknvjCDV2A
 ,O,QKknvjCDV2A
붕어빵,O,QKknvjCDV2A
ㅡㅡㅡ,ㅡㅡㅡ,QKknvjCDV2A
블루 포레스트,O,QKknvjCDV2A
(Blue,O,QKknvjCDV2A
 ,O,QKknvjCDV2A
Forst)/,O,QKknvjCDV2A
삼성,O,QKknvjCDV2A
 ,O,QKknvjCDV2A
더세로 아프리타,O,QKknvjCDV2A
 ,O,QKknvjCDV2A
4K,O,QKknvjCDV2A
 ,O,QKknvjCDV2A
광고음악,O,QKknvjCDV2A
ㅡㅡㅡ,ㅡㅡㅡ,ㅡㅡㅡ
바쁜시간을,O,RyfzqE4w8Vc
 ,O,RyfzqE4w8Vc
보내느라,O,RyfzqE4w8Vc
 ,O,RyfzqE4w8Vc
이제서야,O,RyfzqE4w8Vc
 ,O,RyfzqE4w8Vc
영상을,O,RyfzqE4w8Vc
 ,O,RyfzqE4w8Vc
올립니다.,O,RyfzqE4w8Vc
ㅡㅡㅡ,ㅡㅡㅡ,RyfzqE4w8Vc
12월,O,RyfzqE4w8Vc
에는,O,RyfzqE4w8Vc
 ,O,RyfzqE4w8Vc
수능,O,RyfzqE4w8Vc
과,O,RyfzqE4w8Vc
 ,O,RyfzqE4w8Vc
단체주문건,O,RyfzqE4w8Vc
 ,O,RyfzqE4w8Vc
그리고,O,RyfzqE4w8Vc
 ,O,RyfzqE4w8Vc
좀처럼,O,RyfzqE4w8Vc
 ,O,RyfzqE4w8Vc
없었던,O,RyfzqE4w8Vc
 ,O,RyfzqE4w8Vc
5일,O,RyfzqE4w8Vc
연속,O,RyfzqE4w8Vc
 ,O,RyfzqE4w8Vc
오픈일정에,O,RyfzqE4w8Vc
ㅡㅡㅡ,ㅡㅡㅡ,RyfzqE4w8Vc
정신없는,O,RyfzqE4w8Vc
 ,O,RyfzqE4w8Vc
하루,O,RyfzqE4w8Vc
하루,O,RyfzqE4w8Vc
를,O,RyfzqE4w8Vc
 ,O,RyfzqE4w8Vc
보냈어요.,O,RyfzqE4w8Vc
ㅡㅡㅡ,ㅡㅡㅡ,RyfzqE4w8Vc
몸,O,RyfzqE4w8Vc
은,O,RyfzqE4w8Vc
 ,O,RyfzqE4w8Vc
굉장히,O,RyfzqE4w8Vc
 ,O,RyfzqE4w8Vc
힘들었지만,O,RyfzqE4w8Vc
 ,O,RyfzqE4w8Vc
코로나,O,RyfzqE4w8Vc
로,O,RyfzqE4w8Vc
 ,O,RyfzqE4w8Vc
힘든,O,RyfzqE4w8Vc
 ,O,RyfzqE4w8Vc
시기에,O,RyfzqE4w8Vc
 ,O,RyfzqE4w8Vc
이런,O,RyfzqE4w8Vc
 ,O,RyfzqE4w8Vc
바쁜,O,RyfzqE4w8Vc
 ,O,RyfzqE4w8Vc
시간들을,O,RyfzqE4w8Vc
 ,O,RyfzqE4w8Vc
보낼,O,RyfzqE4w8Vc
 ,O,RyfzqE4w8Vc
수,O,RyfzqE4w8Vc
 ,O,RyfzqE4w8Vc
있어서,O,RyfzqE4w8Vc
ㅡㅡㅡ,ㅡㅡㅡ,RyfzqE4w8Vc
정말,O,RyfzqE4w8Vc
 ,O,RyfzqE4w8Vc
감사한,O,RyfzqE4w8Vc
 ,O,RyfzqE4w8Vc
마음으로,O,RyfzqE4w8Vc
 ,O,RyfzqE4w8Vc
한달,O,RyfzqE4w8Vc
을,O,RyfzqE4w8Vc
 ,O,RyfzqE4w8Vc
보낸,O,RyfzqE4w8Vc
 ,O,RyfzqE4w8Vc
것,O,RyfzqE4w8Vc
 ,O,RyfzqE4w8Vc
같아요.,O,RyfzqE4w8Vc
ㅡㅡㅡ,ㅡㅡㅡ,RyfzqE4w8Vc
다음,O,RyfzqE4w8Vc
 ,O,RyfzqE4w8Vc
영상들도,O,RyfzqE4w8Vc
 ,O,RyfzqE4w8Vc
얼른,O,RyfzqE4w8Vc
 ,O,RyfzqE4w8Vc
편집해서,O,RyfzqE4w8Vc
 ,O,RyfzqE4w8Vc
빨리,O,RyfzqE4w8Vc
 ,O,RyfzqE4w8Vc
찾아올,O,RyfzqE4w8Vc
 ,O,RyfzqE4w8Vc
수,O,RyfzqE4w8Vc
 ,O,RyfzqE4w8Vc
있도록,O,RyfzqE4w8Vc
 ,O,RyfzqE4w8Vc
할게요.,O,RyfzqE4w8Vc
ㅡㅡㅡ,ㅡㅡㅡ,RyfzqE4w8Vc
모두,O,RyfzqE4w8Vc
 ,O,RyfzqE4w8Vc
남은,O,RyfzqE4w8Vc
 ,O,RyfzqE4w8Vc
12월,O,RyfzqE4w8Vc
도,O,RyfzqE4w8Vc
 ,O,RyfzqE4w8Vc
잘,O,RyfzqE4w8Vc
 ,O,RyfzqE4w8Vc
보내시길,O,RyfzqE4w8Vc
 ,O,RyfzqE4w8Vc
바래요!,O,RyfzqE4w8Vc
ㅡㅡㅡ,ㅡㅡㅡ,RyfzqE4w8Vc
Merry Christmas,O,RyfzqE4w8Vc
ㅡㅡㅡ,ㅡㅡㅡ,RyfzqE4w8Vc
Instagram,O,RyfzqE4w8Vc
 ,O,RyfzqE4w8Vc
-,O,RyfzqE4w8Vc
 ,O,RyfzqE4w8Vc
http://,O,RyfzqE4w8Vc
www.instagram.com/cafe.dorothy,O,RyfzqE4w8Vc
ㅡㅡㅡ,ㅡㅡㅡ,RyfzqE4w8Vc
Music,O,RyfzqE4w8Vc
 ,O,RyfzqE4w8Vc
Provided,O,RyfzqE4w8Vc
 ,O,RyfzqE4w8Vc
by,O,RyfzqE4w8Vc
 ,O,RyfzqE4w8Vc
음악팀,O,RyfzqE4w8Vc
 ,O,RyfzqE4w8Vc
(,O,RyfzqE4w8Vc
TeamMusicCreative,O,RyfzqE4w8Vc
),O,RyfzqE4w8Vc
ㅡㅡㅡ,ㅡㅡㅡ,RyfzqE4w8Vc
Track,O,RyfzqE4w8Vc
 ,O,RyfzqE4w8Vc
:,O,RyfzqE4w8Vc
 ,O,RyfzqE4w8Vc
Fireplace,O,RyfzqE4w8Vc
 ,O,RyfzqE4w8Vc
-,O,RyfzqE4w8Vc
 ,O,RyfzqE4w8Vc
https,O,RyfzqE4w8Vc
://,O,RyfzqE4w8Vc
youtu.be/eisaZtlXorI,O,RyfzqE4w8Vc
ㅡㅡㅡ,ㅡㅡㅡ,RyfzqE4w8Vc
#디저트카페브이로그#,O,RyfzqE4w8Vc
안동,B_LOC,RyfzqE4w8Vc
#카페브이로그,O,RyfzqE4w8Vc
ㅡㅡㅡ,ㅡㅡㅡ,ㅡㅡㅡ
안녕하세요.,O,81FusWZ3KI4
 ,O,81FusWZ3KI4
혁is에,O,81FusWZ3KI4
 ,O,81FusWZ3KI4
혁입니다.,O,81FusWZ3KI4
ㅡㅡㅡ,ㅡㅡㅡ,81FusWZ3KI4
여러분,O,81FusWZ3KI4
 ,O,81FusWZ3KI4
잘,O,81FusWZ3KI4
 ,O,81FusWZ3KI4
지내셨나요?,O,81FusWZ3KI4
ㅡㅡㅡ,ㅡㅡㅡ,81FusWZ3KI4
업로드가,O,81FusWZ3KI4
 ,O,81FusWZ3KI4
많이,O,81FusWZ3KI4
 ,O,81FusWZ3KI4
늦었죠..,O,81FusWZ3KI4
ㅡㅡㅡ,ㅡㅡㅡ,81FusWZ3KI4
이번엔,O,81FusWZ3KI4
 ,O,81FusWZ3KI4
안동,B_LOC,81FusWZ3KI4
에,O,81FusWZ3KI4
 ,O,81FusWZ3KI4
다녀왔어요!,O,81FusWZ3KI4
 ,O,81FusWZ3KI4
안동,B_LOC,81FusWZ3KI4
여행,O,81FusWZ3KI4
ㅡㅡㅡ,ㅡㅡㅡ,81FusWZ3KI4
처음,O,81FusWZ3KI4
 ,O,81FusWZ3KI4
가는,O,81FusWZ3KI4
 ,O,81FusWZ3KI4
여행지에,O,81FusWZ3KI4
 ,O,81FusWZ3KI4
뚜벅이여행으로가서,O,81FusWZ3KI4
 ,O,81FusWZ3KI4
걱정반,O,81FusWZ3KI4
 ,O,81FusWZ3KI4
설렘반이었는데,O,81FusWZ3KI4
 ,O,81FusWZ3KI4
",",O,81FusWZ3KI4
ㅡㅡㅡ,ㅡㅡㅡ,81FusWZ3KI4
다행히,O,81FusWZ3KI4
 ,O,81FusWZ3KI4
잘,O,81FusWZ3KI4
 ,O,81FusWZ3KI4
다녀왔습니다.,O,81FusWZ3KI4
ㅡㅡㅡ,ㅡㅡㅡ,81FusWZ3KI4
혼자,O,81FusWZ3KI4
 ,O,81FusWZ3KI4
여행을,O,81FusWZ3KI4
 ,O,81FusWZ3KI4
하다보면,O,81FusWZ3KI4
ㅡㅡㅡ,ㅡㅡㅡ,81FusWZ3KI4
그곳의,O,81FusWZ3KI4
 ,O,81FusWZ3KI4
분위를,O,81FusWZ3KI4
 ,O,81FusWZ3KI4
여유롭게,O,81FusWZ3KI4
 ,O,81FusWZ3KI4
느낄,O,81FusWZ3KI4
 ,O,81FusWZ3KI4
수,O,81FusWZ3KI4
 ,O,81FusWZ3KI4
있어서,O,81FusWZ3KI4
 ,O,81FusWZ3KI4
참,O,81FusWZ3KI4
 ,O,81FusWZ3KI4
좋은,O,81FusWZ3KI4
 ,O,81FusWZ3KI4
거,O,81FusWZ3KI4
 ,O,81FusWZ3KI4
같아요,O,81FusWZ3KI4
ㅡㅡㅡ,ㅡㅡㅡ,81FusWZ3KI4
요즘,O,81FusWZ3KI4
 ,O,81FusWZ3KI4
일교차가,O,81FusWZ3KI4
 ,O,81FusWZ3KI4
큰데,O,81FusWZ3KI4
 ,O,81FusWZ3KI4
감기,O,81FusWZ3KI4
 ,O,81FusWZ3KI4
조심하세요!!,O,81FusWZ3KI4
ㅡㅡㅡ,ㅡㅡㅡ,81FusWZ3KI4
정말,O,81FusWZ3KI4
 ,O,81FusWZ3KI4
감사합니다,O,81FusWZ3KI4
ㅡㅡㅡ,ㅡㅡㅡ,81FusWZ3KI4
2021.06.01.,O,81FusWZ3KI4
~,O,81FusWZ3KI4
2021.06.02,O,81FusWZ3KI4
.,O,81FusWZ3KI4
ㅡㅡㅡ,ㅡㅡㅡ,81FusWZ3KI4
#trip,O,81FusWZ3KI4
 ,O,81FusWZ3KI4
#travel,O,81FusWZ3KI4
 ,O,81FusWZ3KI4
#,O,81FusWZ3KI4
안동,B_LOC,81FusWZ3KI4
ㅡㅡㅡ,ㅡㅡㅡ,81FusWZ3KI4
✍Font:,O,81FusWZ3KI4
 ,O,81FusWZ3KI4
Mapoflewerlsland,O,81FusWZ3KI4
ㅡㅡㅡ,ㅡㅡㅡ,81FusWZ3KI4
✨There,O,81FusWZ3KI4
 ,O,81FusWZ3KI4
are,O,81FusWZ3KI4
 ,O,81FusWZ3KI4
English,O,81FusWZ3KI4
 ,O,81FusWZ3KI4
subtitles.,O,81FusWZ3KI4
 ,O,81FusWZ3KI4
Please,O,81FusWZ3KI4
 ,O,81FusWZ3KI4
turn,O,81FusWZ3KI4
 ,O,81FusWZ3KI4
the,O,81FusWZ3KI4
 ,O,81FusWZ3KI4
subtitles,O,81FusWZ3KI4
 ,O,81FusWZ3KI4
on,O,81FusWZ3KI4
 ,O,81FusWZ3KI4
before,O,81FusWZ3KI4
 ,O,81FusWZ3KI4
watching,O,81FusWZ3KI4
 ,O,81FusWZ3KI4
the,O,81FusWZ3KI4
 ,O,81FusWZ3KI4
video.✨,O,81FusWZ3KI4
ㅡㅡㅡ,ㅡㅡㅡ,81FusWZ3KI4
"Hello,",O,81FusWZ3KI4
 ,O,81FusWZ3KI4
it’s,O,81FusWZ3KI4
 ,O,81FusWZ3KI4
HYEOK,O,81FusWZ3KI4
 ,O,81FusWZ3KI4
from,O,81FusWZ3KI4
 ,O,81FusWZ3KI4
“,O,81FusWZ3KI4
HYEOK,O,81FusWZ3KI4
 ,O,81FusWZ3KI4
is”.,O,81FusWZ3KI4
ㅡㅡㅡ,ㅡㅡㅡ,81FusWZ3KI4
How,O,81FusWZ3KI4
 ,O,81FusWZ3KI4
have,O,81FusWZ3KI4
 ,O,81FusWZ3KI4
you,O,81FusWZ3KI4
 ,O,81FusWZ3KI4
"been,",O,81FusWZ3KI4
 ,O,81FusWZ3KI4
everyone,O,81FusWZ3KI4
 ,O,81FusWZ3KI4
been?,O,81FusWZ3KI4
ㅡㅡㅡ,ㅡㅡㅡ,81FusWZ3KI4
The,O,81FusWZ3KI4
 ,O,81FusWZ3KI4
upload,O,81FusWZ3KI4
 ,O,81FusWZ3KI4
is,O,81FusWZ3KI4
 ,O,81FusWZ3KI4
very,O,81FusWZ3KI4
 ,O,81FusWZ3KI4
late.,O,81FusWZ3KI4
ㅡㅡㅡ,ㅡㅡㅡ,81FusWZ3KI4
I,O,81FusWZ3KI4
 ,O,81FusWZ3KI4
went,O,81FusWZ3KI4
 ,O,81FusWZ3KI4
to,O,81FusWZ3KI4
 ,O,81FusWZ3KI4
Andong,O,81FusWZ3KI4
 ,O,81FusWZ3KI4
this,O,81FusWZ3KI4
 ,O,81FusWZ3KI4
time!,O,81FusWZ3KI4
ㅡㅡㅡ,ㅡㅡㅡ,81FusWZ3KI4
I,O,81FusWZ3KI4
 ,O,81FusWZ3KI4
was,O,81FusWZ3KI4
 ,O,81FusWZ3KI4
worried,O,81FusWZ3KI4
 ,O,81FusWZ3KI4
excited,O,81FusWZ3KI4
 ,O,81FusWZ3KI4
Because,O,81FusWZ3KI4
 ,O,81FusWZ3KI4
it,O,81FusWZ3KI4
 ,O,81FusWZ3KI4
was,O,81FusWZ3KI4
 ,O,81FusWZ3KI4
my,O,81FusWZ3KI4
 ,O,81FusWZ3KI4
first,O,81FusWZ3KI4
 ,O,81FusWZ3KI4
trip,O,81FusWZ3KI4
 ,O,81FusWZ3KI4
without,O,81FusWZ3KI4
 ,O,81FusWZ3KI4
a,O,81FusWZ3KI4
 ,O,81FusWZ3KI4
car.,O,81FusWZ3KI4
ㅡㅡㅡ,ㅡㅡㅡ,81FusWZ3KI4
"Fortunately,",O,81FusWZ3KI4
 ,O,81FusWZ3KI4
I,O,81FusWZ3KI4
 ,O,81FusWZ3KI4
had,O,81FusWZ3KI4
 ,O,81FusWZ3KI4
a,O,81FusWZ3KI4
 ,O,81FusWZ3KI4
good,O,81FusWZ3KI4
 ,O,81FusWZ3KI4
trip.,O,81FusWZ3KI4
ㅡㅡㅡ,ㅡㅡㅡ,81FusWZ3KI4
When,O,81FusWZ3KI4
 ,O,81FusWZ3KI4
I,O,81FusWZ3KI4
 ,O,81FusWZ3KI4
travel,O,81FusWZ3KI4
 ,O,81FusWZ3KI4
"alone,",O,81FusWZ3KI4
ㅡㅡㅡ,ㅡㅡㅡ,81FusWZ3KI4
I,O,81FusWZ3KI4
 ,O,81FusWZ3KI4
think,O,81FusWZ3KI4
 ,O,81FusWZ3KI4
it's,O,81FusWZ3KI4
 ,O,81FusWZ3KI4
great,O,81FusWZ3KI4
 ,O,81FusWZ3KI4
to,O,81FusWZ3KI4
 ,O,81FusWZ3KI4
be,O,81FusWZ3KI4
 ,O,81FusWZ3KI4
able,O,81FusWZ3KI4
 ,O,81FusWZ3KI4
to,O,81FusWZ3KI4
 ,O,81FusWZ3KI4
feel,O,81FusWZ3KI4
 ,O,81FusWZ3KI4
the,O,81FusWZ3KI4
 ,O,81FusWZ3KI4
atmosphere,O,81FusWZ3KI4
 ,O,81FusWZ3KI4
of,O,81FusWZ3KI4
 ,O,81FusWZ3KI4
the,O,81FusWZ3KI4
 ,O,81FusWZ3KI4
place,O,81FusWZ3KI4
 ,O,81FusWZ3KI4
leisurely.,O,81FusWZ3KI4
ㅡㅡㅡ,ㅡㅡㅡ,81FusWZ3KI4
The,O,81FusWZ3KI4
 ,O,81FusWZ3KI4
daily,O,81FusWZ3KI4
 ,O,81FusWZ3KI4
temperature,O,81FusWZ3KI4
 ,O,81FusWZ3KI4
range,O,81FusWZ3KI4
 ,O,81FusWZ3KI4
is,O,81FusWZ3KI4
 ,O,81FusWZ3KI4
big,O,81FusWZ3KI4
 ,O,81FusWZ3KI4
these,O,81FusWZ3KI4
 ,O,81FusWZ3KI4
"days,",O,81FusWZ3KI4
 ,O,81FusWZ3KI4
so,O,81FusWZ3KI4
 ,O,81FusWZ3KI4
be,O,81FusWZ3KI4
 ,O,81FusWZ3KI4
careful,O,81FusWZ3KI4
 ,O,81FusWZ3KI4
not,O,81FusWZ3KI4
 ,O,81FusWZ3KI4
to,O,81FusWZ3KI4
 ,O,81FusWZ3KI4
catch,O,81FusWZ3KI4
 ,O,81FusWZ3KI4
a,O,81FusWZ3KI4
 ,O,81FusWZ3KI4
cold!,O,81FusWZ3KI4
ㅡㅡㅡ,ㅡㅡㅡ,81FusWZ3KI4
Thank,O,81FusWZ3KI4
 ,O,81FusWZ3KI4
you,O,81FusWZ3KI4
 ,O,81FusWZ3KI4
very,O,81FusWZ3KI4
 ,O,81FusWZ3KI4
much.,O,81FusWZ3KI4
ㅡㅡㅡ,ㅡㅡㅡ,ㅡㅡㅡ
Treasure,O,XNFqmkuuOS8
 ,O,XNFqmkuuOS8
Found,O,XNFqmkuuOS8
 ,O,XNFqmkuuOS8
by,O,XNFqmkuuOS8
 ,O,XNFqmkuuOS8
Accident!,O,XNFqmkuuOS8
 ,O,XNFqmkuuOS8
Sinse-dong,O,XNFqmkuuOS8
 ,O,XNFqmkuuOS8
Mural,O,XNFqmkuuOS8
 ,O,XNFqmkuuOS8
Village!,O,XNFqmkuuOS8
ㅡㅡㅡ,ㅡㅡㅡ,XNFqmkuuOS8
#,O,XNFqmkuuOS8
경북,O,XNFqmkuuOS8
여행,O,XNFqmkuuOS8
 ,O,XNFqmkuuOS8
#,O,XNFqmkuuOS8
신세동벽화마을,B_TOR,XNFqmkuuOS8
 ,O,XNFqmkuuOS8
#,O,XNFqmkuuOS8
안동,B_LOC,XNFqmkuuOS8
가볼한곳,O,XNFqmkuuOS8
 ,O,XNFqmkuuOS8
#숨겨둔여행지,O,XNFqmkuuOS8
 ,O,XNFqmkuuOS8
#,O,XNFqmkuuOS8
안동,B_LOC,XNFqmkuuOS8
여행,O,XNFqmkuuOS8
 ,O,XNFqmkuuOS8
#,O,XNFqmkuuOS8
그림애문화마을,B_TOR,XNFqmkuuOS8
 ,O,XNFqmkuuOS8
#,O,XNFqmkuuOS8
벽화마,O,XNFqmkuuOS8
을추천,O,XNFqmkuuOS8
 ,O,XNFqmkuuOS8
#,O,XNFqmkuuOS8
감성근육,O,XNFqmkuuOS8
 ,O,XNFqmkuuOS8
#,O,XNFqmkuuOS8
감성근육1020,O,XNFqmkuuOS8
 ,O,XNFqmkuuOS8
#,O,XNFqmkuuOS8
뚜,O,XNFqmkuuOS8
비아저씨,O,XNFqmkuuOS8
 ,O,XNFqmkuuOS8
#,O,XNFqmkuuOS8
다시여기서,O,XNFqmkuuOS8
카페,O,XNFqmkuuOS8
ㅡㅡㅡ,ㅡㅡㅡ,XNFqmkuuOS8
*,O,XNFqmkuuOS8
 ,O,XNFqmkuuOS8
컴퓨터 PC,O,XNFqmkuuOS8
로,O,XNFqmkuuOS8
 ,O,XNFqmkuuOS8
보시는,O,XNFqmkuuOS8
 ,O,XNFqmkuuOS8
분은,O,XNFqmkuuOS8
 ,O,XNFqmkuuOS8
2160p,O,XNFqmkuuOS8
 ,O,XNFqmkuuOS8
4K,O,XNFqmkuuOS8
로...,O,XNFqmkuuOS8
ㅡㅡㅡ,ㅡㅡㅡ,XNFqmkuuOS8
*,O,XNFqmkuuOS8
 ,O,XNFqmkuuOS8
스마트 폰,O,XNFqmkuuOS8
으로,O,XNFqmkuuOS8
 ,O,XNFqmkuuOS8
보시는,O,XNFqmkuuOS8
 ,O,XNFqmkuuOS8
분은,O,XNFqmkuuOS8
 ,O,XNFqmkuuOS8
1080p,O,XNFqmkuuOS8
 ,O,XNFqmkuuOS8
HD,O,XNFqmkuuOS8
로,O,XNFqmkuuOS8
 ,O,XNFqmkuuOS8
시청,O,XNFqmkuuOS8
 ,O,XNFqmkuuOS8
하시는걸,O,XNFqmkuuOS8
 ,O,XNFqmkuuOS8
추천해,O,XNFqmkuuOS8
 ,O,XNFqmkuuOS8
드립니다..,O,XNFqmkuuOS8
ㅡㅡㅡ,ㅡㅡㅡ,XNFqmkuuOS8
*,O,XNFqmkuuOS8
 ,O,XNFqmkuuOS8
If,O,XNFqmkuuOS8
 ,O,XNFqmkuuOS8
you're,O,XNFqmkuuOS8
 ,O,XNFqmkuuOS8
looking,O,XNFqmkuuOS8
 ,O,XNFqmkuuOS8
at,O,XNFqmkuuOS8
 ,O,XNFqmkuuOS8
it,O,XNFqmkuuOS8
 ,O,XNFqmkuuOS8
on,O,XNFqmkuuOS8
 ,O,XNFqmkuuOS8
a,O,XNFqmkuuOS8
 ,O,XNFqmkuuOS8
computer PC,O,XNFqmkuuOS8
",",O,XNFqmkuuOS8
 ,O,XNFqmkuuOS8
it's,O,XNFqmkuuOS8
 ,O,XNFqmkuuOS8
2160p,O,XNFqmkuuOS8
 ,O,XNFqmkuuOS8
4K,O,XNFqmkuuOS8
...,O,XNFqmkuuOS8
ㅡㅡㅡ,ㅡㅡㅡ,XNFqmkuuOS8
*,O,XNFqmkuuOS8
 ,O,XNFqmkuuOS8
If,O,XNFqmkuuOS8
 ,O,XNFqmkuuOS8
you,O,XNFqmkuuOS8
 ,O,XNFqmkuuOS8
watch,O,XNFqmkuuOS8
 ,O,XNFqmkuuOS8
it,O,XNFqmkuuOS8
 ,O,XNFqmkuuOS8
on,O,XNFqmkuuOS8
 ,O,XNFqmkuuOS8
your,O,XNFqmkuuOS8
 ,O,XNFqmkuuOS8
smartphone,O,XNFqmkuuOS8
",",O,XNFqmkuuOS8
 ,O,XNFqmkuuOS8
I,O,XNFqmkuuOS8
 ,O,XNFqmkuuOS8
recommend,O,XNFqmkuuOS8
 ,O,XNFqmkuuOS8
you,O,XNFqmkuuOS8
 ,O,XNFqmkuuOS8
watch,O,XNFqmkuuOS8
 ,O,XNFqmkuuOS8
it,O,XNFqmkuuOS8
 ,O,XNFqmkuuOS8
on,O,XNFqmkuuOS8
 ,O,XNFqmkuuOS8
1080p HD,O,XNFqmkuuOS8
.,O,XNFqmkuuOS8
ㅡㅡㅡ,ㅡㅡㅡ,XNFqmkuuOS8
.....................................................................................,O,XNFqmkuuOS8
ㅡㅡㅡ,ㅡㅡㅡ,XNFqmkuuOS8
ㅡㅡㅡ,ㅡㅡㅡ,XNFqmkuuOS8
안녕하세요~,O,XNFqmkuuOS8
ㅡㅡㅡ,ㅡㅡㅡ,XNFqmkuuOS8
감성근육1020,O,XNFqmkuuOS8
 ,O,XNFqmkuuOS8
입니다~~^^,O,XNFqmkuuOS8
ㅡㅡㅡ,ㅡㅡㅡ,XNFqmkuuOS8
지난,O,XNFqmkuuOS8
 ,O,XNFqmkuuOS8
영주,B_LOC,XNFqmkuuOS8
 ,O,XNFqmkuuOS8
`,O,XNFqmkuuOS8
무섬마을,B_TOR,XNFqmkuuOS8
`,O,XNFqmkuuOS8
 ,O,XNFqmkuuOS8
여행을,O,XNFqmkuuOS8
 ,O,XNFqmkuuOS8
마치고,O,XNFqmkuuOS8
 ,O,XNFqmkuuOS8
다음,O,XNFqmkuuOS8
 ,O,XNFqmkuuOS8
일정을,O,XNFqmkuuOS8
 ,O,XNFqmkuuOS8
계획하고,O,XNFqmkuuOS8
 ,O,XNFqmkuuOS8
있었는데...,O,XNFqmkuuOS8
ㅡㅡㅡ,ㅡㅡㅡ,XNFqmkuuOS8
눈,O,XNFqmkuuOS8
에,O,XNFqmkuuOS8
 ,O,XNFqmkuuOS8
들어,O,XNFqmkuuOS8
 ,O,XNFqmkuuOS8
오는,O,XNFqmkuuOS8
 ,O,XNFqmkuuOS8
벽화마을이,O,XNFqmkuuOS8
 ,O,XNFqmkuuOS8
있었습니다.,O,XNFqmkuuOS8
ㅡㅡㅡ,ㅡㅡㅡ,XNFqmkuuOS8
바로,O,XNFqmkuuOS8
 ,O,XNFqmkuuOS8
안동,B_LOC,XNFqmkuuOS8
 ,O,XNFqmkuuOS8
`,O,XNFqmkuuOS8
신세동 벽화마을,B_TOR,XNFqmkuuOS8
`인데...,O,XNFqmkuuOS8
ㅡㅡㅡ,ㅡㅡㅡ,XNFqmkuuOS8
산비탈을,O,XNFqmkuuOS8
 ,O,XNFqmkuuOS8
따라,O,XNFqmkuuOS8
 ,O,XNFqmkuuOS8
옹기종기,O,XNFqmkuuOS8
 ,O,XNFqmkuuOS8
작은,O,XNFqmkuuOS8
 ,O,XNFqmkuuOS8
집들이,O,XNFqmkuuOS8
 ,O,XNFqmkuuOS8
모여서,O,XNFqmkuuOS8
 ,O,XNFqmkuuOS8
마을을,O,XNFqmkuuOS8
 ,O,XNFqmkuuOS8
이루고,O,XNFqmkuuOS8
 ,O,XNFqmkuuOS8
감성을,O,XNFqmkuuOS8
 ,O,XNFqmkuuOS8
자극하고,O,XNFqmkuuOS8
 ,O,XNFqmkuuOS8
있는,O,XNFqmkuuOS8
 ,O,XNFqmkuuOS8
다양한,O,XNFqmkuuOS8
 ,O,XNFqmkuuOS8
벽화를,O,XNFqmkuuOS8
 ,O,XNFqmkuuOS8
볼,O,XNFqmkuuOS8
 ,O,XNFqmkuuOS8
수,O,XNFqmkuuOS8
 ,O,XNFqmkuuOS8
있고,O,XNFqmkuuOS8
 ,O,XNFqmkuuOS8
이곳,O,XNFqmkuuOS8
 ,O,XNFqmkuuOS8
주민,O,XNFqmkuuOS8
의,O,XNFqmkuuOS8
 ,O,XNFqmkuuOS8
일상생활,O,XNFqmkuuOS8
 ,O,XNFqmkuuOS8
모습도,O,XNFqmkuuOS8
 ,O,XNFqmkuuOS8
엿볼,O,XNFqmkuuOS8
 ,O,XNFqmkuuOS8
수,O,XNFqmkuuOS8
 ,O,XNFqmkuuOS8
있었습니다.,O,XNFqmkuuOS8
ㅡㅡㅡ,ㅡㅡㅡ,XNFqmkuuOS8
더구나,O,XNFqmkuuOS8
 ,O,XNFqmkuuOS8
벽화,O,XNFqmkuuOS8
 ,O,XNFqmkuuOS8
그림이,O,XNFqmkuuOS8
 ,O,XNFqmkuuOS8
주민,O,XNFqmkuuOS8
 ,O,XNFqmkuuOS8
얼굴,O,XNFqmkuuOS8
을,O,XNFqmkuuOS8
 ,O,XNFqmkuuOS8
많이,O,XNFqmkuuOS8
 ,O,XNFqmkuuOS8
그렸다고,O,XNFqmkuuOS8
 ,O,XNFqmkuuOS8
해서,O,XNFqmkuuOS8
 ,O,XNFqmkuuOS8
호기심도,O,XNFqmkuuOS8
 ,O,XNFqmkuuOS8
발동,O,XNFqmkuuOS8
 ,O,XNFqmkuuOS8
했습니다.,O,XNFqmkuuOS8
 ,O,XNFqmkuuOS8
ㅎㅎ,O,XNFqmkuuOS8
ㅡㅡㅡ,ㅡㅡㅡ,XNFqmkuuOS8
벽화마을,O,XNFqmkuuOS8
 ,O,XNFqmkuuOS8
전망대에,O,XNFqmkuuOS8
 ,O,XNFqmkuuOS8
도착,O,XNFqmkuuOS8
 ,O,XNFqmkuuOS8
할,O,XNFqmkuuOS8
 ,O,XNFqmkuuOS8
때,O,XNFqmkuuOS8
 ,O,XNFqmkuuOS8
안동시,B_LOC,XNFqmkuuOS8
가,O,XNFqmkuuOS8
 ,O,XNFqmkuuOS8
한눈에,O,XNFqmkuuOS8
 ,O,XNFqmkuuOS8
들어온,O,XNFqmkuuOS8
 ,O,XNFqmkuuOS8
모습을,O,XNFqmkuuOS8
 ,O,XNFqmkuuOS8
보고,O,XNFqmkuuOS8
 ,O,XNFqmkuuOS8
...,O,XNFqmkuuOS8
ㅡㅡㅡ,ㅡㅡㅡ,XNFqmkuuOS8
제,O,XNFqmkuuOS8
 ,O,XNFqmkuuOS8
마음의,O,XNFqmkuuOS8
 ,O,XNFqmkuuOS8
모든,O,XNFqmkuuOS8
 ,O,XNFqmkuuOS8
것을,O,XNFqmkuuOS8
 ,O,XNFqmkuuOS8
빼기고,O,XNFqmkuuOS8
 ,O,XNFqmkuuOS8
말았답니다~~,O,XNFqmkuuOS8
ㅡㅡㅡ,ㅡㅡㅡ,XNFqmkuuOS8
그리고,O,XNFqmkuuOS8
 ,O,XNFqmkuuOS8
얻은,O,XNFqmkuuOS8
 ,O,XNFqmkuuOS8
것도,O,XNFqmkuuOS8
 ,O,XNFqmkuuOS8
있었습니다.,O,XNFqmkuuOS8
ㅡㅡㅡ,ㅡㅡㅡ,XNFqmkuuOS8
`편안함`,O,XNFqmkuuOS8
 ,O,XNFqmkuuOS8
~~~,O,XNFqmkuuOS8
 ,O,XNFqmkuuOS8
그리고,O,XNFqmkuuOS8
 ,O,XNFqmkuuOS8
`내가,O,XNFqmkuuOS8
 ,O,XNFqmkuuOS8
찾고,O,XNFqmkuuOS8
 ,O,XNFqmkuuOS8
싶은,O,XNFqmkuuOS8
 ,O,XNFqmkuuOS8
마을`,O,XNFqmkuuOS8
 ,O,XNFqmkuuOS8
~~~^^,O,XNFqmkuuOS8
ㅡㅡㅡ,ㅡㅡㅡ,XNFqmkuuOS8
그때가,O,XNFqmkuuOS8
 ,O,XNFqmkuuOS8
늦은,O,XNFqmkuuOS8
 ,O,XNFqmkuuOS8
오후,O,XNFqmkuuOS8
여서,O,XNFqmkuuOS8
 ,O,XNFqmkuuOS8
더,O,XNFqmkuuOS8
 ,O,XNFqmkuuOS8
없이,O,XNFqmkuuOS8
 ,O,XNFqmkuuOS8
멋진,O,XNFqmkuuOS8
 ,O,XNFqmkuuOS8
풍경을,O,XNFqmkuuOS8
 ,O,XNFqmkuuOS8
볼,O,XNFqmkuuOS8
 ,O,XNFqmkuuOS8
수,O,XNFqmkuuOS8
 ,O,XNFqmkuuOS8
있다는게,O,XNFqmkuuOS8
 ,O,XNFqmkuuOS8
저에게는,O,XNFqmkuuOS8
 ,O,XNFqmkuuOS8
감사함이었습니다.,O,XNFqmkuuOS8
ㅡㅡㅡ,ㅡㅡㅡ,XNFqmkuuOS8
그때,O,XNFqmkuuOS8
 ,O,XNFqmkuuOS8
저도,O,XNFqmkuuOS8
 ,O,XNFqmkuuOS8
모르게,O,XNFqmkuuOS8
 ,O,XNFqmkuuOS8
`이곳에서,O,XNFqmkuuOS8
 ,O,XNFqmkuuOS8
살면,O,XNFqmkuuOS8
 ,O,XNFqmkuuOS8
좋겠다!`,O,XNFqmkuuOS8
 ,O,XNFqmkuuOS8
싶었습니다.,O,XNFqmkuuOS8
ㅡㅡㅡ,ㅡㅡㅡ,XNFqmkuuOS8
나중에,O,XNFqmkuuOS8
 ,O,XNFqmkuuOS8
시간,O,XNFqmkuuOS8
 ,O,XNFqmkuuOS8
되시면,O,XNFqmkuuOS8
 ,O,XNFqmkuuOS8
꼭,O,XNFqmkuuOS8
 ,O,XNFqmkuuOS8
방문해,O,XNFqmkuuOS8
 ,O,XNFqmkuuOS8
주세요^^,O,XNFqmkuuOS8
 ,O,XNFqmkuuOS8
*~~,O,XNFqmkuuOS8
ㅡㅡㅡ,ㅡㅡㅡ,XNFqmkuuOS8
((,O,XNFqmkuuOS8
 ,O,XNFqmkuuOS8
영상을,O,XNFqmkuuOS8
 ,O,XNFqmkuuOS8
끝까지,O,XNFqmkuuOS8
 ,O,XNFqmkuuOS8
봐주세요,O,XNFqmkuuOS8
 ,O,XNFqmkuuOS8
~~,O,XNFqmkuuOS8
 ,O,XNFqmkuuOS8
)),O,XNFqmkuuOS8
ㅡㅡㅡ,ㅡㅡㅡ,XNFqmkuuOS8
.....................................................................................,O,XNFqmkuuOS8
ㅡㅡㅡ,ㅡㅡㅡ,XNFqmkuuOS8
bgm,O,XNFqmkuuOS8
ㅡㅡㅡ,ㅡㅡㅡ,XNFqmkuuOS8
Track,O,XNFqmkuuOS8
 ,O,XNFqmkuuOS8
-,O,XNFqmkuuOS8
 ,O,XNFqmkuuOS8
RYYZN,O,XNFqmkuuOS8
 ,O,XNFqmkuuOS8
-,O,XNFqmkuuOS8
 ,O,XNFqmkuuOS8
It's,O,XNFqmkuuOS8
 ,O,XNFqmkuuOS8
Not Christmas,O,XNFqmkuuOS8
 ,O,XNFqmkuuOS8
Time,O,XNFqmkuuOS8
 ,O,XNFqmkuuOS8
(Without,O,XNFqmkuuOS8
 ,O,XNFqmkuuOS8
You),O,XNFqmkuuOS8
ㅡㅡㅡ,ㅡㅡㅡ,XNFqmkuuOS8
Soundcloud,O,XNFqmkuuOS8
 ,O,XNFqmkuuOS8
-,O,XNFqmkuuOS8
 ,O,XNFqmkuuOS8
https,O,XNFqmkuuOS8
://,O,XNFqmkuuOS8
soundcloud.com/ryyzn,O,XNFqmkuuOS8
ㅡㅡㅡ,ㅡㅡㅡ,XNFqmkuuOS8
나눔뮤직,O,XNFqmkuuOS8
 ,O,XNFqmkuuOS8
-,O,XNFqmkuuOS8
 ,O,XNFqmkuuOS8
https,O,XNFqmkuuOS8
://,O,XNFqmkuuOS8
tv.naver.com/v/11415074,O,XNFqmkuuOS8
ㅡㅡㅡ,ㅡㅡㅡ,XNFqmkuuOS8
Track,O,XNFqmkuuOS8
 ,O,XNFqmkuuOS8
-,O,XNFqmkuuOS8
 ,O,XNFqmkuuOS8
Thimlife,O,XNFqmkuuOS8
 ,O,XNFqmkuuOS8
&,O,XNFqmkuuOS8
 ,O,XNFqmkuuOS8
Tomsis,O,XNFqmkuuOS8
 ,O,XNFqmkuuOS8
-,O,XNFqmkuuOS8
 ,O,XNFqmkuuOS8
Magic,O,XNFqmkuuOS8
ㅡㅡㅡ,ㅡㅡㅡ,XNFqmkuuOS8
Soundcloud,O,XNFqmkuuOS8
 ,O,XNFqmkuuOS8
-,O,XNFqmkuuOS8
 ,O,XNFqmkuuOS8
https:,O,XNFqmkuuOS8
//,O,XNFqmkuuOS8
soundcloud.com/thimlife,O,XNFqmkuuOS8
ㅡㅡㅡ,ㅡㅡㅡ,XNFqmkuuOS8
나눔뮤직,O,XNFqmkuuOS8
 ,O,XNFqmkuuOS8
-,O,XNFqmkuuOS8
 ,O,XNFqmkuuOS8
https,O,XNFqmkuuOS8
://,O,XNFqmkuuOS8
tv.naver.com/v/11108939,O,XNFqmkuuOS8
ㅡㅡㅡ,ㅡㅡㅡ,XNFqmkuuOS8
MUSIC,O,XNFqmkuuOS8
 ,O,XNFqmkuuOS8
:,O,XNFqmkuuOS8
 ,O,XNFqmkuuOS8
"""",O,XNFqmkuuOS8
새벽,O,XNFqmkuuOS8
"항해""",O,XNFqmkuuOS8
ㅡㅡㅡ,ㅡㅡㅡ,XNFqmkuuOS8
ARTIST,O,XNFqmkuuOS8
 ,O,XNFqmkuuOS8
:,O,XNFqmkuuOS8
 ,O,XNFqmkuuOS8
박지윤,O,XNFqmkuuOS8
"(노래),",O,XNFqmkuuOS8
 ,O,XNFqmkuuOS8
신정훈,O,XNFqmkuuOS8
(작곡),O,XNFqmkuuOS8
ㅡㅡㅡ,ㅡㅡㅡ,XNFqmkuuOS8
아판TV,O,XNFqmkuuOS8
 ,O,XNFqmkuuOS8
(,O,XNFqmkuuOS8
유튜브,O,XNFqmkuuOS8
 ,O,XNFqmkuuOS8
채널),O,XNFqmkuuOS8
 ,O,XNFqmkuuOS8
:,O,XNFqmkuuOS8
 ,O,XNFqmkuuOS8
http:,O,XNFqmkuuOS8
//bitly.kr/OpLMzXG,O,XNFqmkuuOS8
ㅡㅡㅡ,ㅡㅡㅡ,XNFqmkuuOS8
나눔뮤직,O,XNFqmkuuOS8
 ,O,XNFqmkuuOS8
-,O,XNFqmkuuOS8
 ,O,XNFqmkuuOS8
https:,O,XNFqmkuuOS8
//,O,XNFqmkuuOS8
tv.naver.com/v/9914178,O,XNFqmkuuOS8
ㅡㅡㅡ,ㅡㅡㅡ,XNFqmkuuOS8
Track,O,XNFqmkuuOS8
 ,O,XNFqmkuuOS8
-,O,XNFqmkuuOS8
 ,O,XNFqmkuuOS8
[,O,XNFqmkuuOS8
아판뮤직,O,XNFqmkuuOS8
],O,XNFqmkuuOS8
 ,O,XNFqmkuuOS8
"""",O,XNFqmkuuOS8
바램,O,XNFqmkuuOS8
"""",O,XNFqmkuuOS8
ㅡㅡㅡ,ㅡㅡㅡ,XNFqmkuuOS8
ARTIST,O,XNFqmkuuOS8
 ,O,XNFqmkuuOS8
:,O,XNFqmkuuOS8
 ,O,XNFqmkuuOS8
박지윤,O,XNFqmkuuOS8
"(노래),",O,XNFqmkuuOS8
 ,O,XNFqmkuuOS8
이진헌,O,XNFqmkuuOS8
(작곡),O,XNFqmkuuOS8
ㅡㅡㅡ,ㅡㅡㅡ,XNFqmkuuOS8
YouTube,O,XNFqmkuuOS8
 ,O,XNFqmkuuOS8
-,O,XNFqmkuuOS8
 ,O,XNFqmkuuOS8
https,O,XNFqmkuuOS8
://,O,XNFqmkuuOS8
youtu.be/e0njles7ggI,O,XNFqmkuuOS8
ㅡㅡㅡ,ㅡㅡㅡ,XNFqmkuuOS8
나눔뮤직,O,XNFqmkuuOS8
 ,O,XNFqmkuuOS8
-,O,XNFqmkuuOS8
 ,O,XNFqmkuuOS8
https,O,XNFqmkuuOS8
://,O,XNFqmkuuOS8
tv.naver.com/v/13595048,O,XNFqmkuuOS8
ㅡㅡㅡ,ㅡㅡㅡ,XNFqmkuuOS8
Song,O,XNFqmkuuOS8
 ,O,XNFqmkuuOS8
:,O,XNFqmkuuOS8
 ,O,XNFqmkuuOS8
Nekzlo,O,XNFqmkuuOS8
 ,O,XNFqmkuuOS8
-,O,XNFqmkuuOS8
 ,O,XNFqmkuuOS8
Moments,O,XNFqmkuuOS8
 ,O,XNFqmkuuOS8
https://,O,XNFqmkuuOS8
soundcloud.com/nekzlo,O,XNFqmkuuOS8
ㅡㅡㅡ,ㅡㅡㅡ,XNFqmkuuOS8
Creative,O,XNFqmkuuOS8
 ,O,XNFqmkuuOS8
Commons,O,XNFqmkuuOS8
 ,O,XNFqmkuuOS8
—,O,XNFqmkuuOS8
 ,O,XNFqmkuuOS8
Attribution,O,XNFqmkuuOS8
ShareAlike,O,XNFqmkuuOS8
 ,O,XNFqmkuuOS8
3,O,XNFqmkuuOS8
 ,O,XNFqmkuuOS8
Unported,O,XNFqmkuuOS8
ㅡㅡㅡ,ㅡㅡㅡ,XNFqmkuuOS8
Music,O,XNFqmkuuOS8
 ,O,XNFqmkuuOS8
promoted,O,XNFqmkuuOS8
 ,O,XNFqmkuuOS8
by,O,XNFqmkuuOS8
 ,O,XNFqmkuuOS8
Vlog,O,XNFqmkuuOS8
 ,O,XNFqmkuuOS8
Copyright,O,XNFqmkuuOS8
 ,O,XNFqmkuuOS8
Free,O,XNFqmkuuOS8
 ,O,XNFqmkuuOS8
Music,O,XNFqmkuuOS8
ㅡㅡㅡ,ㅡㅡㅡ,XNFqmkuuOS8
Link,O,XNFqmkuuOS8
 ,O,XNFqmkuuOS8
:,O,XNFqmkuuOS8
 ,O,XNFqmkuuOS8
http,O,XNFqmkuuOS8
s://,O,XNFqmkuuOS8
youtu.be/dSTNes9po-o,O,XNFqmkuuOS8
ㅡㅡㅡ,ㅡㅡㅡ,XNFqmkuuOS8
Song,O,XNFqmkuuOS8
 ,O,XNFqmkuuOS8
:,O,XNFqmkuuOS8
 ,O,XNFqmkuuOS8
MBB,O,XNFqmkuuOS8
 ,O,XNFqmkuuOS8
-,O,XNFqmkuuOS8
 ,O,XNFqmkuuOS8
Happy,O,XNFqmkuuOS8
 ,O,XNFqmkuuOS8
https://,O,XNFqmkuuOS8
soundcloud.com/mbbofficial,O,XNFqmkuuOS8
ㅡㅡㅡ,ㅡㅡㅡ,XNFqmkuuOS8
Creative,O,XNFqmkuuOS8
 ,O,XNFqmkuuOS8
Commons,O,XNFqmkuuOS8
 ,O,XNFqmkuuOS8
—,O,XNFqmkuuOS8
 ,O,XNFqmkuuOS8
Attribution,O,XNFqmkuuOS8
#NAME?,O,XNFqmkuuOS8
 ,O,XNFqmkuuOS8
3,O,XNFqmkuuOS8
 ,O,XNFqmkuuOS8
Unported,O,XNFqmkuuOS8
ㅡㅡㅡ,ㅡㅡㅡ,XNFqmkuuOS8
Music,O,XNFqmkuuOS8
 ,O,XNFqmkuuOS8
promoted,O,XNFqmkuuOS8
 ,O,XNFqmkuuOS8
by,O,XNFqmkuuOS8
 ,O,XNFqmkuuOS8
Vlog,O,XNFqmkuuOS8
 ,O,XNFqmkuuOS8
Copyright,O,XNFqmkuuOS8
 ,O,XNFqmkuuOS8
Free,O,XNFqmkuuOS8
 ,O,XNFqmkuuOS8
Music,O,XNFqmkuuOS8
ㅡㅡㅡ,ㅡㅡㅡ,XNFqmkuuOS8
Link,O,XNFqmkuuOS8
 ,O,XNFqmkuuOS8
:,O,XNFqmkuuOS8
 ,O,XNFqmkuuOS8
https,O,XNFqmkuuOS8
://,O,XNFqmkuuOS8
youtu.be/O8grg2bbm5c,O,XNFqmkuuOS8
ㅡㅡㅡ,ㅡㅡㅡ,XNFqmkuuOS8
bgm,O,XNFqmkuuOS8
ㅡㅡㅡ,ㅡㅡㅡ,XNFqmkuuOS8
나눔뮤직,O,XNFqmkuuOS8
"님,",O,XNFqmkuuOS8
 ,O,XNFqmkuuOS8
프리뮤직,O,XNFqmkuuOS8
님에게,O,XNFqmkuuOS8
 ,O,XNFqmkuuOS8
좋은,O,XNFqmkuuOS8
 ,O,XNFqmkuuOS8
음악을,O,XNFqmkuuOS8
 ,O,XNFqmkuuOS8
제공해,O,XNFqmkuuOS8
 ,O,XNFqmkuuOS8
주셔서,O,XNFqmkuuOS8
 ,O,XNFqmkuuOS8
깊은,O,XNFqmkuuOS8
 ,O,XNFqmkuuOS8
감사를,O,XNFqmkuuOS8
 ,O,XNFqmkuuOS8
드립니다.,O,XNFqmkuuOS8
ㅡㅡㅡ,ㅡㅡㅡ,XNFqmkuuOS8
ㅡㅡㅡ,ㅡㅡㅡ,XNFqmkuuOS8
`구독`과,O,XNFqmkuuOS8
 ,O,XNFqmkuuOS8
`좋아요`는,O,XNFqmkuuOS8
 ,O,XNFqmkuuOS8
저에게,O,XNFqmkuuOS8
 ,O,XNFqmkuuOS8
풍부한,O,XNFqmkuuOS8
 ,O,XNFqmkuuOS8
감성을,O,XNFqmkuuOS8
 ,O,XNFqmkuuOS8
줍니다^^,O,XNFqmkuuOS8
ㅡㅡㅡ,ㅡㅡㅡ,XNFqmkuuOS8
부탁,O,XNFqmkuuOS8
 ,O,XNFqmkuuOS8
드려요.,O,XNFqmkuuOS8
 ,O,XNFqmkuuOS8
^^,O,XNFqmkuuOS8
ㅡㅡㅡ,ㅡㅡㅡ,XNFqmkuuOS8
그리고,O,XNFqmkuuOS8
 ,O,XNFqmkuuOS8
댓글,O,XNFqmkuuOS8
 ,O,XNFqmkuuOS8
흔적도,O,XNFqmkuuOS8
 ,O,XNFqmkuuOS8
남겨,O,XNFqmkuuOS8
 ,O,XNFqmkuuOS8
주시면,O,XNFqmkuuOS8
 ,O,XNFqmkuuOS8
감사하겠습니다^^,O,XNFqmkuuOS8
 ,O,XNFqmkuuOS8
*,O,XNFqmkuuOS8
ㅡㅡㅡ,ㅡㅡㅡ,XNFqmkuuOS8
ㅡㅡㅡ,ㅡㅡㅡ,XNFqmkuuOS8
감성근육,O,XNFqmkuuOS8
1020,O,XNFqmkuuOS8
ㅡㅡㅡ,ㅡㅡㅡ,ㅡㅡㅡ
벌써,O,sLYHbV3fBGg
 ,O,sLYHbV3fBGg
2월,O,sLYHbV3fBGg
이라니..,O,sLYHbV3fBGg
ㅡㅡㅡ,ㅡㅡㅡ,sLYHbV3fBGg
hello,O,sLYHbV3fBGg
 ,O,sLYHbV3fBGg
2021,O,sLYHbV3fBGg
을,O,sLYHbV3fBGg
 ,O,sLYHbV3fBGg
외치던게,O,sLYHbV3fBGg
 ,O,sLYHbV3fBGg
엊그제같은데..,O,sLYHbV3fBGg
 ,O,sLYHbV3fBGg
시간,O,sLYHbV3fBGg
 ,O,sLYHbV3fBGg
무슨일인가요?,O,sLYHbV3fBGg
ㅡㅡㅡ,ㅡㅡㅡ,sLYHbV3fBGg
이번,O,sLYHbV3fBGg
 ,O,sLYHbV3fBGg
영상도,O,sLYHbV3fBGg
 ,O,sLYHbV3fBGg
재밌게,O,sLYHbV3fBGg
 ,O,sLYHbV3fBGg
봐주세요!,O,sLYHbV3fBGg
ㅡㅡㅡ,ㅡㅡㅡ,sLYHbV3fBGg
#디저트카페#카페브이로그#베이킹,O,sLYHbV3fBGg
ㅡㅡㅡ,ㅡㅡㅡ,sLYHbV3fBGg
Instagram,O,sLYHbV3fBGg
 ,O,sLYHbV3fBGg
-,O,sLYHbV3fBGg
 ,O,sLYHbV3fBGg
http://,O,sLYHbV3fBGg
www.instagram.com/cafe.dorothy,O,sLYHbV3fBGg
ㅡㅡㅡ,ㅡㅡㅡ,sLYHbV3fBGg
Music,O,sLYHbV3fBGg
 ,O,sLYHbV3fBGg
provided,O,sLYHbV3fBGg
 ,O,sLYHbV3fBGg
by,O,sLYHbV3fBGg
 ,O,sLYHbV3fBGg
브금,O,sLYHbV3fBGg
대통령,O,sLYHbV3fBGg
ㅡㅡㅡ,ㅡㅡㅡ,sLYHbV3fBGg
Track,O,sLYHbV3fBGg
 ,O,sLYHbV3fBGg
:,O,sLYHbV3fBGg
 ,O,sLYHbV3fBGg
Islas Baleares,O,sLYHbV3fBGg
 ,O,sLYHbV3fBGg
-,O,sLYHbV3fBGg
 ,O,sLYHbV3fBGg
h,O,sLYHbV3fBGg
ttp,O,sLYHbV3fBGg
s://,O,sLYHbV3fBGg
youtu,O,sLYHbV3fBGg
.be,O,sLYHbV3fBGg
/LH85n5QxZ2w,O,sLYHbV3fBGg
ㅡㅡㅡ,ㅡㅡㅡ,sLYHbV3fBGg
Track,O,sLYHbV3fBGg
 ,O,sLYHbV3fBGg
:,O,sLYHbV3fBGg
 ,O,sLYHbV3fBGg
Some Vintage Mood 3,O,sLYHbV3fBGg
 ,O,sLYHbV3fBGg
-,O,sLYHbV3fBGg
 ,O,sLYHbV3fBGg
https://,O,sLYHbV3fBGg
youtu.be/5bjg2VovjFs,O,sLYHbV3fBGg
ㅡㅡㅡ,ㅡㅡㅡ,sLYHbV3fBGg
Track,O,sLYHbV3fBGg
 ,O,sLYHbV3fBGg
:,O,sLYHbV3fBGg
 ,O,sLYHbV3fBGg
Born of Butterfly,O,sLYHbV3fBGg
 ,O,sLYHbV3fBGg
-,O,sLYHbV3fBGg
 ,O,sLYHbV3fBGg
h,O,sLYHbV3fBGg
ttp,O,sLYHbV3fBGg
s://,O,sLYHbV3fBGg
youtu.be/F7LiVhkFRZg,O,sLYHbV3fBGg
ㅡㅡㅡ,ㅡㅡㅡ,sLYHbV3fBGg
Track,O,sLYHbV3fBGg
 ,O,sLYHbV3fBGg
:,O,sLYHbV3fBGg
 ,O,sLYHbV3fBGg
Kid,O,sLYHbV3fBGg
's,O,sLYHbV3fBGg
 ,O,sLYHbV3fBGg
Room,O,sLYHbV3fBGg
 ,O,sLYHbV3fBGg
-,O,sLYHbV3fBGg
 ,O,sLYHbV3fBGg
http,O,sLYHbV3fBGg
s://,O,sLYHbV3fBGg
youtu.be/e4w3WzWeFbg,O,sLYHbV3fBGg
ㅡㅡㅡ,ㅡㅡㅡ,sLYHbV3fBGg
Music,O,sLYHbV3fBGg
 ,O,sLYHbV3fBGg
Provided,O,sLYHbV3fBGg
 ,O,sLYHbV3fBGg
by,O,sLYHbV3fBGg
 ,O,sLYHbV3fBGg
음악팀,O,sLYHbV3fBGg
 ,O,sLYHbV3fBGg
(,O,sLYHbV3fBGg
TeamMusicCreative,O,sLYHbV3fBGg
),O,sLYHbV3fBGg
ㅡㅡㅡ,ㅡㅡㅡ,sLYHbV3fBGg
Track,O,sLYHbV3fBGg
 ,O,sLYHbV3fBGg
:,O,sLYHbV3fBGg
 ,O,sLYHbV3fBGg
Coffee,O,sLYHbV3fBGg
 ,O,sLYHbV3fBGg
time,O,sLYHbV3fBGg
 ,O,sLYHbV3fBGg
-,O,sLYHbV3fBGg
 ,O,sLYHbV3fBGg
h,O,sLYHbV3fBGg
ttp,O,sLYHbV3fBGg
s://,O,sLYHbV3fBGg
youtu.be/0pGK_ZBltZ4,O,sLYHbV3fBGg
ㅡㅡㅡ,ㅡㅡㅡ,ㅡㅡㅡ
모두가,O,dcqQKMlG9uY
 ,O,dcqQKMlG9uY
사회적,O,dcqQKMlG9uY
 ,O,dcqQKMlG9uY
거리두기로,O,dcqQKMlG9uY
 ,O,dcqQKMlG9uY
심심하게,O,dcqQKMlG9uY
 ,O,dcqQKMlG9uY
지내는,O,dcqQKMlG9uY
 ,O,dcqQKMlG9uY
이런,O,dcqQKMlG9uY
 ,O,dcqQKMlG9uY
"때에,",O,dcqQKMlG9uY
ㅡㅡㅡ,ㅡㅡㅡ,dcqQKMlG9uY
인간의,O,dcqQKMlG9uY
 ,O,dcqQKMlG9uY
생존에,O,dcqQKMlG9uY
 ,O,dcqQKMlG9uY
꼭,O,dcqQKMlG9uY
 ,O,dcqQKMlG9uY
필요한,O,dcqQKMlG9uY
 ,O,dcqQKMlG9uY
3대,O,dcqQKMlG9uY
욕구인,O,dcqQKMlG9uY
 ,O,dcqQKMlG9uY
'여행욕',O,dcqQKMlG9uY
 ,O,dcqQKMlG9uY
'맛집욕',O,dcqQKMlG9uY
 ,O,dcqQKMlG9uY
'인생샷용',O,dcqQKMlG9uY
 ,O,dcqQKMlG9uY
중,O,dcqQKMlG9uY
ㅡㅡㅡ,ㅡㅡㅡ,dcqQKMlG9uY
여행욕을,O,dcqQKMlG9uY
 ,O,dcqQKMlG9uY
대신,O,dcqQKMlG9uY
 ,O,dcqQKMlG9uY
충족시켜주기위해,O,dcqQKMlG9uY
ㅡㅡㅡ,ㅡㅡㅡ,dcqQKMlG9uY
안동시청,O,dcqQKMlG9uY
의,O,dcqQKMlG9uY
 ,O,dcqQKMlG9uY
부름을,O,dcqQKMlG9uY
 ,O,dcqQKMlG9uY
받고,O,dcqQKMlG9uY
 ,O,dcqQKMlG9uY
출동한,O,dcqQKMlG9uY
 ,O,dcqQKMlG9uY
코,O,dcqQKMlG9uY
가닮은,O,dcqQKMlG9uY
남매,O,dcqQKMlG9uY
!!,O,dcqQKMlG9uY
ㅡㅡㅡ,ㅡㅡㅡ,dcqQKMlG9uY
그들은,O,dcqQKMlG9uY
 ,O,dcqQKMlG9uY
이미,O,dcqQKMlG9uY
 ,O,dcqQKMlG9uY
운석이,O,dcqQKMlG9uY
 ,O,dcqQKMlG9uY
충돌하는,O,dcqQKMlG9uY
 ,O,dcqQKMlG9uY
서울,B_LOC,dcqQKMlG9uY
에서도,O,dcqQKMlG9uY
 ,O,dcqQKMlG9uY
성공적으로,O,dcqQKMlG9uY
 ,O,dcqQKMlG9uY
생존했던,O,dcqQKMlG9uY
 ,O,dcqQKMlG9uY
생존,O,dcqQKMlG9uY
 ,O,dcqQKMlG9uY
전문가,O,dcqQKMlG9uY
이다!,O,dcqQKMlG9uY
ㅡㅡㅡ,ㅡㅡㅡ,dcqQKMlG9uY
과연,O,dcqQKMlG9uY
 ,O,dcqQKMlG9uY
코,O,dcqQKMlG9uY
가닮은,O,dcqQKMlG9uY
남매,O,dcqQKMlG9uY
는,O,dcqQKMlG9uY
 ,O,dcqQKMlG9uY
안동,B_LOC,dcqQKMlG9uY
의,O,dcqQKMlG9uY
 ,O,dcqQKMlG9uY
숨은,O,dcqQKMlG9uY
 ,O,dcqQKMlG9uY
스팟을,O,dcqQKMlG9uY
 ,O,dcqQKMlG9uY
찾아다니며,O,dcqQKMlG9uY
 ,O,dcqQKMlG9uY
사람들의,O,dcqQKMlG9uY
 ,O,dcqQKMlG9uY
지루한,O,dcqQKMlG9uY
 ,O,dcqQKMlG9uY
일상을,O,dcqQKMlG9uY
 ,O,dcqQKMlG9uY
조금이나마,O,dcqQKMlG9uY
 ,O,dcqQKMlG9uY
즐겁게,O,dcqQKMlG9uY
 ,O,dcqQKMlG9uY
만들어줄,O,dcqQKMlG9uY
 ,O,dcqQKMlG9uY
수,O,dcqQKMlG9uY
 ,O,dcqQKMlG9uY
있을까?!,O,dcqQKMlG9uY
ㅡㅡㅡ,ㅡㅡㅡ,dcqQKMlG9uY
마카다안동,O,dcqQKMlG9uY
 ,O,dcqQKMlG9uY
(,O,dcqQKMlG9uY
안동시청,O,dcqQKMlG9uY
),O,dcqQKMlG9uY
 ,O,dcqQKMlG9uY
-,O,dcqQKMlG9uY
 ,O,dcqQKMlG9uY
https,O,dcqQKMlG9uY
://,O,dcqQKMlG9uY
www,O,dcqQKMlG9uY
.youtube.com/channel/UCbdBIZiwlOl8lkvkrEaHGNQ,O,dcqQKMlG9uY
ㅡㅡㅡ,ㅡㅡㅡ,dcqQKMlG9uY
안동,B_LOC,dcqQKMlG9uY
관광,O,dcqQKMlG9uY
 ,O,dcqQKMlG9uY
-,O,dcqQKMlG9uY
 ,O,dcqQKMlG9uY
ht,O,dcqQKMlG9uY
tp://,O,dcqQKMlG9uY
www.tourandong.com/public,O,dcqQKMlG9uY
/,O,dcqQKMlG9uY
ㅡㅡㅡ,ㅡㅡㅡ,ㅡㅡㅡ
',O,22uZPVNdgZI
가보이소,O,22uZPVNdgZI
',O,22uZPVNdgZI
 ,O,22uZPVNdgZI
직원,O,22uZPVNdgZI
들이,O,22uZPVNdgZI
 ,O,22uZPVNdgZI
심혈을,O,22uZPVNdgZI
 ,O,22uZPVNdgZI
기울여,O,22uZPVNdgZI
 ,O,22uZPVNdgZI
만든,O,22uZPVNdgZI
 ,O,22uZPVNdgZI
안동,B_LOC,22uZPVNdgZI
 ,O,22uZPVNdgZI
투어,O,22uZPVNdgZI
 ,O,22uZPVNdgZI
상품!,O,22uZPVNdgZI
ㅡㅡㅡ,ㅡㅡㅡ,22uZPVNdgZI
그리고...,O,22uZPVNdgZI
 ,O,22uZPVNdgZI
드디어,O,22uZPVNdgZI
 ,O,22uZPVNdgZI
고대하던,O,22uZPVNdgZI
 ,O,22uZPVNdgZI
첫,O,22uZPVNdgZI
 ,O,22uZPVNdgZI
예약이,O,22uZPVNdgZI
 ,O,22uZPVNdgZI
성사됐다,O,22uZPVNdgZI
ㅡㅡㅡ,ㅡㅡㅡ,22uZPVNdgZI
본격,O,22uZPVNdgZI
 ,O,22uZPVNdgZI
안동,B_LOC,22uZPVNdgZI
 ,O,22uZPVNdgZI
투어에,O,22uZPVNdgZI
 ,O,22uZPVNdgZI
나선,O,22uZPVNdgZI
 ,O,22uZPVNdgZI
김용명,O,22uZPVNdgZI
과,O,22uZPVNdgZI
 ,O,22uZPVNdgZI
직원,O,22uZPVNdgZI
들,O,22uZPVNdgZI
ㅡㅡㅡ,ㅡㅡㅡ,22uZPVNdgZI
그런데,O,22uZPVNdgZI
 ,O,22uZPVNdgZI
예약한,O,22uZPVNdgZI
 ,O,22uZPVNdgZI
관광객,O,22uZPVNdgZI
이,O,22uZPVNdgZI
 ,O,22uZPVNdgZI
뒤바꼈다?,O,22uZPVNdgZI
ㅡㅡㅡ,ㅡㅡㅡ,22uZPVNdgZI
멘붕에,O,22uZPVNdgZI
 ,O,22uZPVNdgZI
빠진,O,22uZPVNdgZI
 ,O,22uZPVNdgZI
김용명,O,22uZPVNdgZI
과,O,22uZPVNdgZI
 ,O,22uZPVNdgZI
허안나,O,22uZPVNdgZI
ㅡㅡㅡ,ㅡㅡㅡ,22uZPVNdgZI
과연,O,22uZPVNdgZI
 ,O,22uZPVNdgZI
위기를,O,22uZPVNdgZI
 ,O,22uZPVNdgZI
기회로,O,22uZPVNdgZI
 ,O,22uZPVNdgZI
만들어,O,22uZPVNdgZI
 ,O,22uZPVNdgZI
첫,O,22uZPVNdgZI
 ,O,22uZPVNdgZI
투어를,O,22uZPVNdgZI
 ,O,22uZPVNdgZI
성공적으로,O,22uZPVNdgZI
 ,O,22uZPVNdgZI
이끌,O,22uZPVNdgZI
 ,O,22uZPVNdgZI
수,O,22uZPVNdgZI
 ,O,22uZPVNdgZI
있을까?,O,22uZPVNdgZI
ㅡㅡㅡ,ㅡㅡㅡ,22uZPVNdgZI
보이소TV,O,22uZPVNdgZI
 ,O,22uZPVNdgZI
채널,O,22uZPVNdgZI
 ,O,22uZPVNdgZI
구독은,O,22uZPVNdgZI
 ,O,22uZPVNdgZI
사랑입니다❤,O,22uZPVNdgZI
ㅡㅡㅡ,ㅡㅡㅡ,22uZPVNdgZI
영상,O,22uZPVNdgZI
 ,O,22uZPVNdgZI
"좋아요,",O,22uZPVNdgZI
 ,O,22uZPVNdgZI
댓글,O,22uZPVNdgZI
 ,O,22uZPVNdgZI
남기고,O,22uZPVNdgZI
 ,O,22uZPVNdgZI
상품,O,22uZPVNdgZI
 ,O,22uZPVNdgZI
받아가세요!,O,22uZPVNdgZI
ㅡㅡㅡ,ㅡㅡㅡ,22uZPVNdgZI
가보이소,O,22uZPVNdgZI
 ,O,22uZPVNdgZI
4화,O,22uZPVNdgZI
 ,O,22uZPVNdgZI
시청,O,22uZPVNdgZI
 ,O,22uZPVNdgZI
후,O,22uZPVNdgZI
 ,O,22uZPVNdgZI
킬링포인트,O,22uZPVNdgZI
 ,O,22uZPVNdgZI
장면의,O,22uZPVNdgZI
 ,O,22uZPVNdgZI
영상,O,22uZPVNdgZI
 ,O,22uZPVNdgZI
타임과,O,22uZPVNdgZI
 ,O,22uZPVNdgZI
댓글을,O,22uZPVNdgZI
 ,O,22uZPVNdgZI
남기면,O,22uZPVNdgZI
ㅡㅡㅡ,ㅡㅡㅡ,22uZPVNdgZI
주유,O,22uZPVNdgZI
 ,O,22uZPVNdgZI
기프티콘이...?!,O,22uZPVNdgZI
ㅡㅡㅡ,ㅡㅡㅡ,22uZPVNdgZI
자세한,O,22uZPVNdgZI
 ,O,22uZPVNdgZI
이벤트,O,22uZPVNdgZI
 ,O,22uZPVNdgZI
내용은,O,22uZPVNdgZI
 ,O,22uZPVNdgZI
하단,O,22uZPVNdgZI
 ,O,22uZPVNdgZI
링크를,O,22uZPVNdgZI
 ,O,22uZPVNdgZI
참고해주세요,O,22uZPVNdgZI
ㅡㅡㅡ,ㅡㅡㅡ,22uZPVNdgZI
https://,O,22uZPVNdgZI
www,O,22uZPVNdgZI
.youtube.com/c/%EB%B3%B4%EC%9D%B4%EC%86%8CTV,O,22uZPVNdgZI
/communi,O,22uZPVNdgZI
ty,O,22uZPVNdgZI
ㅡㅡㅡ,ㅡㅡㅡ,22uZPVNdgZI
#글로벌여행사,O,22uZPVNdgZI
 ,O,22uZPVNdgZI
#,O,22uZPVNdgZI
가보이소,O,22uZPVNdgZI
 ,O,22uZPVNdgZI
#,O,22uZPVNdgZI
보이소TV,O,22uZPVNdgZI
 ,O,22uZPVNdgZI
#,O,22uZPVNdgZI
김용명,O,22uZPVNdgZI
 ,O,22uZPVNdgZI
#,O,22uZPVNdgZI
허안나,O,22uZPVNdgZI
 ,O,22uZPVNdgZI
#,O,22uZPVNdgZI
경상북도,O,22uZPVNdgZI
 ,O,22uZPVNdgZI
#,O,22uZPVNdgZI
안동,B_LOC,22uZPVNdgZI
 ,O,22uZPVNdgZI
#여행,O,22uZPVNdgZI
 ,O,22uZPVNdgZI
#,O,22uZPVNdgZI
KTX,O,22uZPVNdgZI
이음,O,22uZPVNdgZI
 ,O,22uZPVNdgZI
#웹드라마,O,22uZPVNdgZI
 ,O,22uZPVNdgZI
#웹시트콤,O,22uZPVNdgZI
 ,O,22uZPVNdgZI
#,O,22uZPVNdgZI
코미디,O,22uZPVNdgZI
 ,O,22uZPVNdgZI
#이,O,22uZPVNdgZI
과장,O,22uZPVNdgZI
 ,O,22uZPVNdgZI
#좋좋소,O,22uZPVNdgZI
 ,O,22uZPVNdgZI
#무한상사,O,22uZPVNdgZI
 ,O,22uZPVNdgZI
#중소기업,O,22uZPVNdgZI
ㅡㅡㅡ,ㅡㅡㅡ,ㅡㅡㅡ
안녕하세요!,O,XYoLzLbEHfg
ㅡㅡㅡ,ㅡㅡㅡ,XYoLzLbEHfg
저번,O,XYoLzLbEHfg
 ,O,XYoLzLbEHfg
안동,B_LOC,XYoLzLbEHfg
 ,O,XYoLzLbEHfg
여행,O,XYoLzLbEHfg
 ,O,XYoLzLbEHfg
1편,O,XYoLzLbEHfg
에,O,XYoLzLbEHfg
 ,O,XYoLzLbEHfg
이어,O,XYoLzLbEHfg
 ,O,XYoLzLbEHfg
2편,O,XYoLzLbEHfg
으로,O,XYoLzLbEHfg
 ,O,XYoLzLbEHfg
찾아왔습니다^^,O,XYoLzLbEHfg
ㅡㅡㅡ,ㅡㅡㅡ,XYoLzLbEHfg
안동,B_LOC,XYoLzLbEHfg
하면,O,XYoLzLbEHfg
 ,O,XYoLzLbEHfg
떠오르는,O,XYoLzLbEHfg
 ,O,XYoLzLbEHfg
음식!,O,XYoLzLbEHfg
 ,O,XYoLzLbEHfg
안동,B_LOC,XYoLzLbEHfg
 ,O,XYoLzLbEHfg
찜닭,O,XYoLzLbEHfg
 ,O,XYoLzLbEHfg
먹방과,O,XYoLzLbEHfg
ㅡㅡㅡ,ㅡㅡㅡ,XYoLzLbEHfg
안동,B_LOC,XYoLzLbEHfg
의,O,XYoLzLbEHfg
 ,O,XYoLzLbEHfg
유명한,O,XYoLzLbEHfg
 ,O,XYoLzLbEHfg
빵집,O,XYoLzLbEHfg
 ,O,XYoLzLbEHfg
맘모스 베이커리,B_CAF,XYoLzLbEHfg
!,O,XYoLzLbEHfg
ㅡㅡㅡ,ㅡㅡㅡ,XYoLzLbEHfg
예쁜,O,XYoLzLbEHfg
 ,O,XYoLzLbEHfg
카페,O,XYoLzLbEHfg
 ,O,XYoLzLbEHfg
카페,B_CAF,XYoLzLbEHfg
볕,I_CAF,XYoLzLbEHfg
ㅡㅡㅡ,ㅡㅡㅡ,XYoLzLbEHfg
그리고,O,XYoLzLbEHfg
 ,O,XYoLzLbEHfg
야경이,O,XYoLzLbEHfg
 ,O,XYoLzLbEHfg
예쁜,O,XYoLzLbEHfg
 ,O,XYoLzLbEHfg
월영교,B_TOR,XYoLzLbEHfg
 ,O,XYoLzLbEHfg
다녀왔어요!,O,XYoLzLbEHfg
ㅡㅡㅡ,ㅡㅡㅡ,XYoLzLbEHfg
오늘,O,XYoLzLbEHfg
도,O,XYoLzLbEHfg
 ,O,XYoLzLbEHfg
시청해,O,XYoLzLbEHfg
 ,O,XYoLzLbEHfg
주셔서,O,XYoLzLbEHfg
 ,O,XYoLzLbEHfg
감사합니다.,O,XYoLzLbEHfg
ㅡㅡㅡ,ㅡㅡㅡ,XYoLzLbEHfg
Music,O,XYoLzLbEHfg
 ,O,XYoLzLbEHfg
provided,O,XYoLzLbEHfg
 ,O,XYoLzLbEHfg
by,O,XYoLzLbEHfg
 ,O,XYoLzLbEHfg
브금,O,XYoLzLbEHfg
대통령,O,XYoLzLbEHfg
ㅡㅡㅡ,ㅡㅡㅡ,XYoLzLbEHfg
Track,O,XYoLzLbEHfg
 ,O,XYoLzLbEHfg
:,O,XYoLzLbEHfg
 ,O,XYoLzLbEHfg
Lazy Mor,O,XYoLzLbEHfg
ning,O,XYoLzLbEHfg
 ,O,XYoLzLbEHfg
-,O,XYoLzLbEHfg
 ,O,XYoLzLbEHfg
ht,O,XYoLzLbEHfg
tp,O,XYoLzLbEHfg
s://,O,XYoLzLbEHfg
youtu.be/EXyyYIT3Gy8,O,XYoLzLbEHfg
ㅡㅡㅡ,ㅡㅡㅡ,XYoLzLbEHfg
Music,O,XYoLzLbEHfg
 ,O,XYoLzLbEHfg
provided,O,XYoLzLbEHfg
 ,O,XYoLzLbEHfg
by,O,XYoLzLbEHfg
 ,O,XYoLzLbEHfg
브금,O,XYoLzLbEHfg
대통령,O,XYoLzLbEHfg
ㅡㅡㅡ,ㅡㅡㅡ,XYoLzLbEHfg
Track,O,XYoLzLbEHfg
 ,O,XYoLzLbEHfg
:,O,XYoLzLbEHfg
 ,O,XYoLzLbEHfg
우리동네,O,XYoLzLbEHfg
 ,O,XYoLzLbEHfg
한바퀴,O,XYoLzLbEHfg
 ,O,XYoLzLbEHfg
-,O,XYoLzLbEHfg
 ,O,XYoLzLbEHfg
https,O,XYoLzLbEHfg
://,O,XYoLzLbEHfg
youtu.be/iyaIxy9KQJQ,O,XYoLzLbEHfg
ㅡㅡㅡ,ㅡㅡㅡ,XYoLzLbEHfg
Music,O,XYoLzLbEHfg
 ,O,XYoLzLbEHfg
provided,O,XYoLzLbEHfg
 ,O,XYoLzLbEHfg
by,O,XYoLzLbEHfg
 ,O,XYoLzLbEHfg
브금,O,XYoLzLbEHfg
대통령,O,XYoLzLbEHfg
ㅡㅡㅡ,ㅡㅡㅡ,XYoLzLbEHfg
Track,O,XYoLzLbEHfg
 ,O,XYoLzLbEHfg
:,O,XYoLzLbEHfg
 ,O,XYoLzLbEHfg
Sometimes Love,O,XYoLzLbEHfg
 ,O,XYoLzLbEHfg
-,O,XYoLzLbEHfg
 ,O,XYoLzLbEHfg
h,O,XYoLzLbEHfg
ttp,O,XYoLzLbEHfg
s://,O,XYoLzLbEHfg
youtu.be/TW55L_ZJBXk,O,XYoLzLbEHfg
ㅡㅡㅡ,ㅡㅡㅡ,XYoLzLbEHfg
Music,O,XYoLzLbEHfg
 ,O,XYoLzLbEHfg
provided,O,XYoLzLbEHfg
 ,O,XYoLzLbEHfg
by,O,XYoLzLbEHfg
 ,O,XYoLzLbEHfg
브금,O,XYoLzLbEHfg
대통령,O,XYoLzLbEHfg
ㅡㅡㅡ,ㅡㅡㅡ,XYoLzLbEHfg
Track,O,XYoLzLbEHfg
 ,O,XYoLzLbEHfg
:,O,XYoLzLbEHfg
 ,O,XYoLzLbEHfg
Sometimes Love,O,XYoLzLbEHfg
 ,O,XYoLzLbEHfg
-,O,XYoLzLbEHfg
 ,O,XYoLzLbEHfg
h,O,XYoLzLbEHfg
ttp,O,XYoLzLbEHfg
s://,O,XYoLzLbEHfg
youtu.be/TW55L_ZJBXk,O,XYoLzLbEHfg
ㅡㅡㅡ,ㅡㅡㅡ,XYoLzLbEHfg
#,O,XYoLzLbEHfg
안동,B_LOC,XYoLzLbEHfg
찜닭,O,XYoLzLbEHfg
 ,O,XYoLzLbEHfg
#,O,XYoLzLbEHfg
월영교,B_TOR,XYoLzLbEHfg
 ,O,XYoLzLbEHfg
#,O,XYoLzLbEHfg
안동,B_LOC,XYoLzLbEHfg
여행,O,XYoLzLbEHfg
ㅡㅡㅡ,ㅡㅡㅡ,ㅡㅡㅡ
날씨가,O,kyVDx8j-Ot8
 ,O,kyVDx8j-Ot8
평일,O,kyVDx8j-Ot8
에는,O,kyVDx8j-Ot8
 ,O,kyVDx8j-Ot8
좋기만,O,kyVDx8j-Ot8
 ,O,kyVDx8j-Ot8
하더니,O,kyVDx8j-Ot8
 ,O,kyVDx8j-Ot8
왜,O,kyVDx8j-Ot8
 ,O,kyVDx8j-Ot8
주말만,O,kyVDx8j-Ot8
 ,O,kyVDx8j-Ot8
되면,O,kyVDx8j-Ot8
 ,O,kyVDx8j-Ot8
비가,O,kyVDx8j-Ot8
 ,O,kyVDx8j-Ot8
오는지...,O,kyVDx8j-Ot8
ㅡㅡㅡ,ㅡㅡㅡ,kyVDx8j-Ot8
잘,O,kyVDx8j-Ot8
 ,O,kyVDx8j-Ot8
"먹고,",O,kyVDx8j-Ot8
 ,O,kyVDx8j-Ot8
잘,O,kyVDx8j-Ot8
 ,O,kyVDx8j-Ot8
"놀고,",O,kyVDx8j-Ot8
 ,O,kyVDx8j-Ot8
즐겁게,O,kyVDx8j-Ot8
 ,O,kyVDx8j-Ot8
사는,O,kyVDx8j-Ot8
 ,O,kyVDx8j-Ot8
부부,O,kyVDx8j-Ot8
의,O,kyVDx8j-Ot8
 ,O,kyVDx8j-Ot8
소소한,O,kyVDx8j-Ot8
 ,O,kyVDx8j-Ot8
일상을,O,kyVDx8j-Ot8
 ,O,kyVDx8j-Ot8
담는,O,kyVDx8j-Ot8
 ,O,kyVDx8j-Ot8
채널입니다.,O,kyVDx8j-Ot8
ㅡㅡㅡ,ㅡㅡㅡ,kyVDx8j-Ot8
좋은,O,kyVDx8j-Ot8
 ,O,kyVDx8j-Ot8
영상을,O,kyVDx8j-Ot8
 ,O,kyVDx8j-Ot8
만들기위해,O,kyVDx8j-Ot8
 ,O,kyVDx8j-Ot8
항상,O,kyVDx8j-Ot8
 ,O,kyVDx8j-Ot8
노력하겠습니다.,O,kyVDx8j-Ot8
ㅡㅡㅡ,ㅡㅡㅡ,kyVDx8j-Ot8
"시청,",O,kyVDx8j-Ot8
 ,O,kyVDx8j-Ot8
구독,O,kyVDx8j-Ot8
 ,O,kyVDx8j-Ot8
감사합니다.,O,kyVDx8j-Ot8
ㅡㅡㅡ,ㅡㅡㅡ,kyVDx8j-Ot8
좋은,O,kyVDx8j-Ot8
 ,O,kyVDx8j-Ot8
하루,O,kyVDx8j-Ot8
 ,O,kyVDx8j-Ot8
되세요,O,kyVDx8j-Ot8
 ,O,kyVDx8j-Ot8
❤,O,kyVDx8j-Ot8
ㅡㅡㅡ,ㅡㅡㅡ,kyVDx8j-Ot8
Let's,O,kyVDx8j-Ot8
 ,O,kyVDx8j-Ot8
eat,O,kyVDx8j-Ot8
 ,O,kyVDx8j-Ot8
"well,",O,kyVDx8j-Ot8
 ,O,kyVDx8j-Ot8
play,O,kyVDx8j-Ot8
 ,O,kyVDx8j-Ot8
"well,",O,kyVDx8j-Ot8
 ,O,kyVDx8j-Ot8
and,O,kyVDx8j-Ot8
 ,O,kyVDx8j-Ot8
live,O,kyVDx8j-Ot8
 ,O,kyVDx8j-Ot8
well.,O,kyVDx8j-Ot8
ㅡㅡㅡ,ㅡㅡㅡ,kyVDx8j-Ot8
We'll,O,kyVDx8j-Ot8
 ,O,kyVDx8j-Ot8
always,O,kyVDx8j-Ot8
 ,O,kyVDx8j-Ot8
try,O,kyVDx8j-Ot8
 ,O,kyVDx8j-Ot8
to,O,kyVDx8j-Ot8
 ,O,kyVDx8j-Ot8
make,O,kyVDx8j-Ot8
 ,O,kyVDx8j-Ot8
a,O,kyVDx8j-Ot8
 ,O,kyVDx8j-Ot8
good,O,kyVDx8j-Ot8
 ,O,kyVDx8j-Ot8
videos.,O,kyVDx8j-Ot8
ㅡㅡㅡ,ㅡㅡㅡ,kyVDx8j-Ot8
Thank,O,kyVDx8j-Ot8
 ,O,kyVDx8j-Ot8
you,O,kyVDx8j-Ot8
 ,O,kyVDx8j-Ot8
so,O,kyVDx8j-Ot8
 ,O,kyVDx8j-Ot8
much,O,kyVDx8j-Ot8
 ,O,kyVDx8j-Ot8
for,O,kyVDx8j-Ot8
 ,O,kyVDx8j-Ot8
watching,O,kyVDx8j-Ot8
 ,O,kyVDx8j-Ot8
and,O,kyVDx8j-Ot8
 ,O,kyVDx8j-Ot8
Subscription.,O,kyVDx8j-Ot8
ㅡㅡㅡ,ㅡㅡㅡ,kyVDx8j-Ot8
Have,O,kyVDx8j-Ot8
 ,O,kyVDx8j-Ot8
a,O,kyVDx8j-Ot8
 ,O,kyVDx8j-Ot8
good,O,kyVDx8j-Ot8
 ,O,kyVDx8j-Ot8
time❤,O,kyVDx8j-Ot8
ㅡㅡㅡ,ㅡㅡㅡ,kyVDx8j-Ot8
#여행Vlog,O,kyVDx8j-Ot8
 ,O,kyVDx8j-Ot8
#,O,kyVDx8j-Ot8
안동,B_LOC,kyVDx8j-Ot8
가볼만한곳,O,kyVDx8j-Ot8
 ,O,kyVDx8j-Ot8
#,O,kyVDx8j-Ot8
안동,B_LOC,kyVDx8j-Ot8
맛집,O,kyVDx8j-Ot8
 ,O,kyVDx8j-Ot8
#한옥스테이,O,kyVDx8j-Ot8
 ,O,kyVDx8j-Ot8
#,O,kyVDx8j-Ot8
치암고택,O,kyVDx8j-Ot8
 ,O,kyVDx8j-Ot8
#,O,kyVDx8j-Ot8
만휴정,B_TOR,kyVDx8j-Ot8
 ,O,kyVDx8j-Ot8
#,O,kyVDx8j-Ot8
도산서원,B_TOR,kyVDx8j-Ot8
 ,O,kyVDx8j-Ot8
#,O,kyVDx8j-Ot8
선성현문화단지,B_TOR,kyVDx8j-Ot8
 ,O,kyVDx8j-Ot8
#,O,kyVDx8j-Ot8
월영교,B_TOR,kyVDx8j-Ot8
 ,O,kyVDx8j-Ot8
#,O,kyVDx8j-Ot8
낙강물길공원,B_TOR,kyVDx8j-Ot8
 ,O,kyVDx8j-Ot8
#,O,kyVDx8j-Ot8
안동,B_LOC,kyVDx8j-Ot8
간고등어,O,kyVDx8j-Ot8
 ,O,kyVDx8j-Ot8
#,O,kyVDx8j-Ot8
안동,B_LOC,kyVDx8j-Ot8
찜닭,O,kyVDx8j-Ot8
ㅡㅡㅡ,ㅡㅡㅡ,kyVDx8j-Ot8
Music,O,kyVDx8j-Ot8
 ,O,kyVDx8j-Ot8
provided,O,kyVDx8j-Ot8
 ,O,kyVDx8j-Ot8
by,O,kyVDx8j-Ot8
 ,O,kyVDx8j-Ot8
브금,O,kyVDx8j-Ot8
대통령,O,kyVDx8j-Ot8
ㅡㅡㅡ,ㅡㅡㅡ,kyVDx8j-Ot8
Track,O,kyVDx8j-Ot8
 ,O,kyVDx8j-Ot8
:,O,kyVDx8j-Ot8
 ,O,kyVDx8j-Ot8
Paesaggio Italiano,O,kyVDx8j-Ot8
 ,O,kyVDx8j-Ot8
-,O,kyVDx8j-Ot8
 ,O,kyVDx8j-Ot8
https://,O,kyVDx8j-Ot8
youtu.be/9PRnPdgNhMI,O,kyVDx8j-Ot8
ㅡㅡㅡ,ㅡㅡㅡ,kyVDx8j-Ot8
Track,O,kyVDx8j-Ot8
 ,O,kyVDx8j-Ot8
:,O,kyVDx8j-Ot8
 ,O,kyVDx8j-Ot8
Some Vintage,O,kyVDx8j-Ot8
 ,O,kyVDx8j-Ot8
Moo,O,kyVDx8j-Ot8
d,O,kyVDx8j-Ot8
 ,O,kyVDx8j-Ot8
with,O,kyVDx8j-Ot8
 ,O,kyVDx8j-Ot8
아리랑,O,kyVDx8j-Ot8
 ,O,kyVDx8j-Ot8
-,O,kyVDx8j-Ot8
 ,O,kyVDx8j-Ot8
h,O,kyVDx8j-Ot8
ttp,O,kyVDx8j-Ot8
s://,O,kyVDx8j-Ot8
youtu,O,kyVDx8j-Ot8
.be/8vKne0eyGgA,O,kyVDx8j-Ot8
ㅡㅡㅡ,ㅡㅡㅡ,kyVDx8j-Ot8
Track,O,kyVDx8j-Ot8
 ,O,kyVDx8j-Ot8
:,O,kyVDx8j-Ot8
 ,O,kyVDx8j-Ot8
낙화암,O,kyVDx8j-Ot8
 ,O,kyVDx8j-Ot8
-,O,kyVDx8j-Ot8
 ,O,kyVDx8j-Ot8
https://,O,kyVDx8j-Ot8
youtu.be/WjouTMIwfy0,O,kyVDx8j-Ot8
ㅡㅡㅡ,ㅡㅡㅡ,ㅡㅡㅡ
#,O,sin2DDYboYs
안동,B_LOC,sin2DDYboYs
맛집#,O,sin2DDYboYs
상주,B_LOC,sin2DDYboYs
맛집#,O,sin2DDYboYs
문경,B_LOC,sin2DDYboYs
맛집,O,sin2DDYboYs
ㅡㅡㅡ,ㅡㅡㅡ,sin2DDYboYs
[,O,sin2DDYboYs
경북,O,sin2DDYboYs
맛집시리즈6,O,sin2DDYboYs
]-,O,sin2DDYboYs
경북,O,sin2DDYboYs
북부,O,sin2DDYboYs
편:,O,sin2DDYboYs
안동,B_LOC,sin2DDYboYs
",",O,sin2DDYboYs
상주,B_LOC,sin2DDYboYs
",",O,sin2DDYboYs
문경,B_LOC,sin2DDYboYs
",",O,sin2DDYboYs
의성,B_LOC,sin2DDYboYs
",",O,sin2DDYboYs
예천,B_LOC,sin2DDYboYs
",",O,sin2DDYboYs
봉화,B_LOC,sin2DDYboYs
여행시,O,sin2DDYboYs
 ,O,sin2DDYboYs
꼭,O,sin2DDYboYs
 ,O,sin2DDYboYs
들러야할,O,sin2DDYboYs
 ,O,sin2DDYboYs
안동,B_LOC,sin2DDYboYs
"맛집,",O,sin2DDYboYs
상주,B_LOC,sin2DDYboYs
"맛집,",O,sin2DDYboYs
문경,B_LOC,sin2DDYboYs
"맛집,",O,sin2DDYboYs
의성,B_LOC,sin2DDYboYs
"맛집,",O,sin2DDYboYs
예천,B_LOC,sin2DDYboYs
"맛집,",O,sin2DDYboYs
봉화,B_LOC,sin2DDYboYs
맛집베스트/,O,sin2DDYboYs
경북노포,B_LOC,sin2DDYboYs
맛집/,O,sin2DDYboYs
대구경북,B_LOC,sin2DDYboYs
맛집/,O,sin2DDYboYs
ㅡㅡㅡ,ㅡㅡㅡ,ㅡㅡㅡ
영탁,O,zkBc9Zyzjc8
의,O,zkBc9Zyzjc8
 ,O,zkBc9Zyzjc8
고향인,O,zkBc9Zyzjc8
 ,O,zkBc9Zyzjc8
안동,B_LOC,zkBc9Zyzjc8
에,O,zkBc9Zyzjc8
 ,O,zkBc9Zyzjc8
다녀왔어요,O,zkBc9Zyzjc8
 ,O,zkBc9Zyzjc8
제,O,zkBc9Zyzjc8
 ,O,zkBc9Zyzjc8
고향이기도,O,zkBc9Zyzjc8
 ,O,zkBc9Zyzjc8
한...,O,zkBc9Zyzjc8
ㅡㅡㅡ,ㅡㅡㅡ,zkBc9Zyzjc8
사과,O,zkBc9Zyzjc8
는,O,zkBc9Zyzjc8
 ,O,zkBc9Zyzjc8
보통,O,zkBc9Zyzjc8
 ,O,zkBc9Zyzjc8
경북,O,zkBc9Zyzjc8
 ,O,zkBc9Zyzjc8
청송사과,O,zkBc9Zyzjc8
로,O,zkBc9Zyzjc8
 ,O,zkBc9Zyzjc8
유명하지만,O,zkBc9Zyzjc8
 ,O,zkBc9Zyzjc8
저는,O,zkBc9Zyzjc8
 ,O,zkBc9Zyzjc8
바로,O,zkBc9Zyzjc8
 ,O,zkBc9Zyzjc8
옆,O,zkBc9Zyzjc8
 ,O,zkBc9Zyzjc8
동네인,O,zkBc9Zyzjc8
 ,O,zkBc9Zyzjc8
안동시,B_LOC,zkBc9Zyzjc8
 ,O,zkBc9Zyzjc8
길안면,O,zkBc9Zyzjc8
에,O,zkBc9Zyzjc8
 ,O,zkBc9Zyzjc8
있는,O,zkBc9Zyzjc8
 ,O,zkBc9Zyzjc8
사과,O,zkBc9Zyzjc8
농장에서,O,zkBc9Zyzjc8
 ,O,zkBc9Zyzjc8
제대로,O,zkBc9Zyzjc8
 ,O,zkBc9Zyzjc8
일하고,O,zkBc9Zyzjc8
 ,O,zkBc9Zyzjc8
왔습니다,O,zkBc9Zyzjc8
ㅡㅡㅡ,ㅡㅡㅡ,zkBc9Zyzjc8
청송,B_LOC,zkBc9Zyzjc8
이라는,O,zkBc9Zyzjc8
 ,O,zkBc9Zyzjc8
지역과,O,zkBc9Zyzjc8
 ,O,zkBc9Zyzjc8
길안,B_LOC,zkBc9Zyzjc8
이라는,O,zkBc9Zyzjc8
 ,O,zkBc9Zyzjc8
지역은,O,zkBc9Zyzjc8
 ,O,zkBc9Zyzjc8
정말,O,zkBc9Zyzjc8
 ,O,zkBc9Zyzjc8
바로,O,zkBc9Zyzjc8
 ,O,zkBc9Zyzjc8
붙어,O,zkBc9Zyzjc8
 ,O,zkBc9Zyzjc8
있는,O,zkBc9Zyzjc8
 ,O,zkBc9Zyzjc8
동네인데,O,zkBc9Zyzjc8
 ,O,zkBc9Zyzjc8
길안사과,O,zkBc9Zyzjc8
는,O,zkBc9Zyzjc8
 ,O,zkBc9Zyzjc8
예산이,O,zkBc9Zyzjc8
 ,O,zkBc9Zyzjc8
부족한지,O,zkBc9Zyzjc8
 ,O,zkBc9Zyzjc8
뭔지는,O,zkBc9Zyzjc8
 ,O,zkBc9Zyzjc8
모르겠지만,O,zkBc9Zyzjc8
 ,O,zkBc9Zyzjc8
홍보가,O,zkBc9Zyzjc8
 ,O,zkBc9Zyzjc8
거의,O,zkBc9Zyzjc8
 ,O,zkBc9Zyzjc8
되지않아,O,zkBc9Zyzjc8
 ,O,zkBc9Zyzjc8
청송,O,zkBc9Zyzjc8
사과,O,zkBc9Zyzjc8
에,O,zkBc9Zyzjc8
 ,O,zkBc9Zyzjc8
비해,O,zkBc9Zyzjc8
 ,O,zkBc9Zyzjc8
판매가,O,zkBc9Zyzjc8
 ,O,zkBc9Zyzjc8
많이,O,zkBc9Zyzjc8
 ,O,zkBc9Zyzjc8
안,O,zkBc9Zyzjc8
 ,O,zkBc9Zyzjc8
된다고,O,zkBc9Zyzjc8
 ,O,zkBc9Zyzjc8
하더라구요..,O,zkBc9Zyzjc8
 ,O,zkBc9Zyzjc8
홍보문제,O,zkBc9Zyzjc8
 ,O,zkBc9Zyzjc8
차이..,O,zkBc9Zyzjc8
 ,O,zkBc9Zyzjc8
맛은,O,zkBc9Zyzjc8
 ,O,zkBc9Zyzjc8
정말,O,zkBc9Zyzjc8
 ,O,zkBc9Zyzjc8
똑같음!!,O,zkBc9Zyzjc8
 ,O,zkBc9Zyzjc8
맛납니다,O,zkBc9Zyzjc8
ㅡㅡㅡ,ㅡㅡㅡ,zkBc9Zyzjc8
매일,O,zkBc9Zyzjc8
 ,O,zkBc9Zyzjc8
새벽6시,O,zkBc9Zyzjc8
에,O,zkBc9Zyzjc8
 ,O,zkBc9Zyzjc8
일어나서,O,zkBc9Zyzjc8
 ,O,zkBc9Zyzjc8
오후 6시전,O,zkBc9Zyzjc8
에,O,zkBc9Zyzjc8
 ,O,zkBc9Zyzjc8
일이,O,zkBc9Zyzjc8
 ,O,zkBc9Zyzjc8
끝나는,O,zkBc9Zyzjc8
 ,O,zkBc9Zyzjc8
정말,O,zkBc9Zyzjc8
 ,O,zkBc9Zyzjc8
극한직업,O,zkBc9Zyzjc8
 ,O,zkBc9Zyzjc8
중에,O,zkBc9Zyzjc8
 ,O,zkBc9Zyzjc8
하나,O,zkBc9Zyzjc8
인,O,zkBc9Zyzjc8
 ,O,zkBc9Zyzjc8
거,O,zkBc9Zyzjc8
 ,O,zkBc9Zyzjc8
같습니다.,O,zkBc9Zyzjc8
ㅡㅡㅡ,ㅡㅡㅡ,zkBc9Zyzjc8
INSTA,O,zkBc9Zyzjc8
 ,O,zkBc9Zyzjc8
:,O,zkBc9Zyzjc8
 ,O,zkBc9Zyzjc8
@,O,zkBc9Zyzjc8
honestboy58,O,zkBc9Zyzjc8
ㅡㅡㅡ,ㅡㅡㅡ,zkBc9Zyzjc8
네이버블로그,O,zkBc9Zyzjc8
 ,O,zkBc9Zyzjc8
:,O,zkBc9Zyzjc8
 ,O,zkBc9Zyzjc8
https:,O,zkBc9Zyzjc8
//,O,zkBc9Zyzjc8
blog.naver.com/honestboy58,O,zkBc9Zyzjc8
ㅡㅡㅡ,ㅡㅡㅡ,zkBc9Zyzjc8
#귀농#영탁고향#,O,zkBc9Zyzjc8
안동,B_LOC,zkBc9Zyzjc8
사과,O,zkBc9Zyzjc8
ㅡㅡㅡ,ㅡㅡㅡ,ㅡㅡㅡ
빠르게,O,akP2WLlZVWk
 ,O,akP2WLlZVWk
찾아온,O,akP2WLlZVWk
 ,O,akP2WLlZVWk
크리스마스,O,akP2WLlZVWk
를,O,akP2WLlZVWk
 ,O,akP2WLlZVWk
준비하는,O,akP2WLlZVWk
 ,O,akP2WLlZVWk
영상입니다.,O,akP2WLlZVWk
ㅡㅡㅡ,ㅡㅡㅡ,akP2WLlZVWk
크리스마스,O,akP2WLlZVWk
에,O,akP2WLlZVWk
 ,O,akP2WLlZVWk
올리고,O,akP2WLlZVWk
 ,O,akP2WLlZVWk
싶었지만,O,akP2WLlZVWk
 ,O,akP2WLlZVWk
편집까지,O,akP2WLlZVWk
 ,O,akP2WLlZVWk
하기엔,O,akP2WLlZVWk
 ,O,akP2WLlZVWk
시간이,O,akP2WLlZVWk
 ,O,akP2WLlZVWk
너무,O,akP2WLlZVWk
 ,O,akP2WLlZVWk
부족했던,O,akP2WLlZVWk
 ,O,akP2WLlZVWk
탓에,O,akP2WLlZVWk
 ,O,akP2WLlZVWk
이제서야,O,akP2WLlZVWk
 ,O,akP2WLlZVWk
올립니다.,O,akP2WLlZVWk
ㅡㅡㅡ,ㅡㅡㅡ,akP2WLlZVWk
재밌게,O,akP2WLlZVWk
 ,O,akP2WLlZVWk
봐주세요!,O,akP2WLlZVWk
ㅡㅡㅡ,ㅡㅡㅡ,akP2WLlZVWk
Instagram,O,akP2WLlZVWk
 ,O,akP2WLlZVWk
-,O,akP2WLlZVWk
 ,O,akP2WLlZVWk
http://,O,akP2WLlZVWk
www.instagram.com/cafe.dorothy,O,akP2WLlZVWk
ㅡㅡㅡ,ㅡㅡㅡ,akP2WLlZVWk
Music,O,akP2WLlZVWk
 ,O,akP2WLlZVWk
provided,O,akP2WLlZVWk
 ,O,akP2WLlZVWk
by,O,akP2WLlZVWk
 ,O,akP2WLlZVWk
브금,O,akP2WLlZVWk
대통령,O,akP2WLlZVWk
ㅡㅡㅡ,ㅡㅡㅡ,akP2WLlZVWk
Track,O,akP2WLlZVWk
 ,O,akP2WLlZVWk
:,O,akP2WLlZVWk
 ,O,akP2WLlZVWk
Merry Christmas,O,akP2WLlZVWk
 ,O,akP2WLlZVWk
-,O,akP2WLlZVWk
 ,O,akP2WLlZVWk
h,O,akP2WLlZVWk
ttp,O,akP2WLlZVWk
s://,O,akP2WLlZVWk
youtu,O,akP2WLlZVWk
.be/SGpnKWR3WH4,O,akP2WLlZVWk
ㅡㅡㅡ,ㅡㅡㅡ,akP2WLlZVWk
Track,O,akP2WLlZVWk
 ,O,akP2WLlZVWk
:,O,akP2WLlZVWk
 ,O,akP2WLlZVWk
Oh! Christmas,O,akP2WLlZVWk
 ,O,akP2WLlZVWk
-,O,akP2WLlZVWk
 ,O,akP2WLlZVWk
https://,O,akP2WLlZVWk
youtu.be/r2_DtDmnbYI,O,akP2WLlZVWk
ㅡㅡㅡ,ㅡㅡㅡ,akP2WLlZVWk
Track,O,akP2WLlZVWk
 ,O,akP2WLlZVWk
:,O,akP2WLlZVWk
 ,O,akP2WLlZVWk
Lonely Christma,O,akP2WLlZVWk
s,O,akP2WLlZVWk
 ,O,akP2WLlZVWk
-,O,akP2WLlZVWk
 ,O,akP2WLlZVWk
http,O,akP2WLlZVWk
s://,O,akP2WLlZVWk
youtu,O,akP2WLlZVWk
.be,O,akP2WLlZVWk
/dBNAguf6wE4,O,akP2WLlZVWk
ㅡㅡㅡ,ㅡㅡㅡ,akP2WLlZVWk
Track,O,akP2WLlZVWk
 ,O,akP2WLlZVWk
:,O,akP2WLlZVWk
 ,O,akP2WLlZVWk
Christmas,O,akP2WLlZVWk
 ,O,akP2WLlZVWk
in,O,akP2WLlZVWk
 ,O,akP2WLlZVWk
London,O,akP2WLlZVWk
 ,O,akP2WLlZVWk
-,O,akP2WLlZVWk
 ,O,akP2WLlZVWk
https://,O,akP2WLlZVWk
youtu.be/RApyspnIXoU,O,akP2WLlZVWk
ㅡㅡㅡ,ㅡㅡㅡ,akP2WLlZVWk
Track,O,akP2WLlZVWk
 ,O,akP2WLlZVWk
:,O,akP2WLlZVWk
 ,O,akP2WLlZVWk
그해 겨울,O,akP2WLlZVWk
 ,O,akP2WLlZVWk
-,O,akP2WLlZVWk
 ,O,akP2WLlZVWk
https://,O,akP2WLlZVWk
youtu.be/SGNY0QgCRsg,O,akP2WLlZVWk
ㅡㅡㅡ,ㅡㅡㅡ,akP2WLlZVWk
#디저트카페브이로그#카페브이로그#,O,akP2WLlZVWk
BTS,O,akP2WLlZVWk
ㅡㅡㅡ,ㅡㅡㅡ,ㅡㅡㅡ
Shall,O,2Le9YXWNdDg
 ,O,2Le9YXWNdDg
we,O,2Le9YXWNdDg
 ,O,2Le9YXWNdDg
learn,O,2Le9YXWNdDg
 ,O,2Le9YXWNdDg
about,O,2Le9YXWNdDg
 ,O,2Le9YXWNdDg
the,O,2Le9YXWNdDg
 ,O,2Le9YXWNdDg
history,O,2Le9YXWNdDg
 ,O,2Le9YXWNdDg
and,O,2Le9YXWNdDg
 ,O,2Le9YXWNdDg
culture,O,2Le9YXWNdDg
 ,O,2Le9YXWNdDg
of,O,2Le9YXWNdDg
 ,O,2Le9YXWNdDg
Andong,B_LOC,2Le9YXWNdDg
 ,O,2Le9YXWNdDg
Seonseonghyeon,O,2Le9YXWNdDg
 ,O,2Le9YXWNdDg
Cultural,O,2Le9YXWNdDg
 ,O,2Le9YXWNdDg
"Complex,",O,2Le9YXWNdDg
 ,O,2Le9YXWNdDg
Ye,O,2Le9YXWNdDg
an,O,2Le9YXWNdDg
 ,O,2Le9YXWNdDg
Hyanggyo,O,2Le9YXWNdDg
",",O,2Le9YXWNdDg
 ,O,2Le9YXWNdDg
and,O,2Le9YXWNdDg
 ,O,2Le9YXWNdDg
Seonseongsanseong Fortress,O,2Le9YXWNdDg
?,O,2Le9YXWNdDg
 ,O,2Le9YXWNdDg
Enjoy,O,2Le9YXWNdDg
 ,O,2Le9YXWNdDg
Andong,B_LOC,2Le9YXWNdDg
 ,O,2Le9YXWNdDg
travel,O,2Le9YXWNdDg
 ,O,2Le9YXWNdDg
while,O,2Le9YXWNdDg
 ,O,2Le9YXWNdDg
looking,O,2Le9YXWNdDg
 ,O,2Le9YXWNdDg
at,O,2Le9YXWNdDg
 ,O,2Le9YXWNdDg
the,O,2Le9YXWNdDg
 ,O,2Le9YXWNdDg
"sunset,",O,2Le9YXWNdDg
 ,O,2Le9YXWNdDg
Andong City,O,2Le9YXWNdDg
ㅡㅡㅡ,ㅡㅡㅡ,2Le9YXWNdDg
안동,B_LOC,2Le9YXWNdDg
의,O,2Le9YXWNdDg
 ,O,2Le9YXWNdDg
숨겨진,O,2Le9YXWNdDg
 ,O,2Le9YXWNdDg
보물,O,2Le9YXWNdDg
 ,O,2Le9YXWNdDg
"여행,",O,2Le9YXWNdDg
 ,O,2Le9YXWNdDg
안동선성현문화단지,B_TOR,2Le9YXWNdDg
와,O,2Le9YXWNdDg
 ,O,2Le9YXWNdDg
예안향교,B_TOR,2Le9YXWNdDg
",",O,2Le9YXWNdDg
 ,O,2Le9YXWNdDg
선성산성,B_TOR,2Le9YXWNdDg
의,O,2Le9YXWNdDg
 ,O,2Le9YXWNdDg
역사와,O,2Le9YXWNdDg
 ,O,2Le9YXWNdDg
문화를,O,2Le9YXWNdDg
 ,O,2Le9YXWNdDg
배워볼까요?,O,2Le9YXWNdDg
 ,O,2Le9YXWNdDg
뚜벅뚜벅,O,2Le9YXWNdDg
 ,O,2Le9YXWNdDg
노을,O,2Le9YXWNdDg
 ,O,2Le9YXWNdDg
바라보며,O,2Le9YXWNdDg
 ,O,2Le9YXWNdDg
안동,B_LOC,2Le9YXWNdDg
 ,O,2Le9YXWNdDg
여행,O,2Le9YXWNdDg
 ,O,2Le9YXWNdDg
"즐기기,",O,2Le9YXWNdDg
 ,O,2Le9YXWNdDg
안동시,B_LOC,2Le9YXWNdDg
ㅡㅡㅡ,ㅡㅡㅡ,2Le9YXWNdDg
Seonseonghyeon Cultura,O,2Le9YXWNdDg
l Comple,O,2Le9YXWNdDg
"x,",O,2Le9YXWNdDg
 ,O,2Le9YXWNdDg
located,O,2Le9YXWNdDg
 ,O,2Le9YXWNdDg
in,O,2Le9YXWNdDg
 ,O,2Le9YXWNdDg
Andong,B_LOC,2Le9YXWNdDg
si,O,2Le9YXWNdDg
",",O,2Le9YXWNdDg
 ,O,2Le9YXWNdDg
is,O,2Le9YXWNdDg
 ,O,2Le9YXWNdDg
a,O,2Le9YXWNdDg
 ,O,2Le9YXWNdDg
space,O,2Le9YXWNdDg
 ,O,2Le9YXWNdDg
where,O,2Le9YXWNdDg
 ,O,2Le9YXWNdDg
you,O,2Le9YXWNdDg
 ,O,2Le9YXWNdDg
can,O,2Le9YXWNdDg
 ,O,2Le9YXWNdDg
understand,O,2Le9YXWNdDg
 ,O,2Le9YXWNdDg
and,O,2Le9YXWNdDg
 ,O,2Le9YXWNdDg
experience,O,2Le9YXWNdDg
 ,O,2Le9YXWNdDg
traditional,O,2Le9YXWNdDg
 ,O,2Le9YXWNdDg
culture,O,2Le9YXWNdDg
 ,O,2Le9YXWNdDg
by,O,2Le9YXWNdDg
 ,O,2Le9YXWNdDg
restoring,O,2Le9YXWNdDg
 ,O,2Le9YXWNdDg
the,O,2Le9YXWNdDg
 ,O,2Le9YXWNdDg
old,O,2Le9YXWNdDg
 ,O,2Le9YXWNdDg
government,O,2Le9YXWNdDg
 ,O,2Le9YXWNdDg
building,O,2Le9YXWNdDg
 ,O,2Le9YXWNdDg
as,O,2Le9YXWNdDg
 ,O,2Le9YXWNdDg
part,O,2Le9YXWNdDg
 ,O,2Le9YXWNdDg
of,O,2Le9YXWNdDg
 ,O,2Le9YXWNdDg
the,O,2Le9YXWNdDg
 ,O,2Le9YXWNdDg
Seonseong-hyeon,O,2Le9YXWNdDg
 ,O,2Le9YXWNdDg
cultural,O,2Le9YXWNdDg
 ,O,2Le9YXWNdDg
complex,O,2Le9YXWNdDg
 ,O,2Le9YXWNdDg
development,O,2Le9YXWNdDg
 ,O,2Le9YXWNdDg
project.,O,2Le9YXWNdDg
 ,O,2Le9YXWNdDg
",",O,2Le9YXWNdDg
 ,O,2Le9YXWNdDg
Fo,O,2Le9YXWNdDg
res,O,2Le9YXWNdDg
t,O,2Le9YXWNdDg
 ,O,2Le9YXWNdDg
Scienc,O,2Le9YXWNdDg
e,O,2Le9YXWNdDg
 ,O,2Le9YXWNdDg
"Museum,",O,2Le9YXWNdDg
 ,O,2Le9YXWNdDg
Dosan Seowon,O,2Le9YXWNdDg
",",O,2Le9YXWNdDg
 ,O,2Le9YXWNdDg
etc.,O,2Le9YXWNdDg
 ,O,2Le9YXWNdDg
can,O,2Le9YXWNdDg
 ,O,2Le9YXWNdDg
be,O,2Le9YXWNdDg
 ,O,2Le9YXWNdDg
viewed,O,2Le9YXWNdDg
 ,O,2Le9YXWNdDg
through,O,2Le9YXWNdDg
 ,O,2Le9YXWNdDg
the,O,2Le9YXWNdDg
 ,O,2Le9YXWNdDg
Confucia,O,2Le9YXWNdDg
n,O,2Le9YXWNdDg
 ,O,2Le9YXWNdDg
Cult,O,2Le9YXWNdDg
ur,O,2Le9YXWNdDg
al,O,2Le9YXWNdDg
 ,O,2Le9YXWNdDg
"Trail,",O,2Le9YXWNdDg
 ,O,2Le9YXWNdDg
making,O,2Le9YXWNdDg
 ,O,2Le9YXWNdDg
it,O,2Le9YXWNdDg
 ,O,2Le9YXWNdDg
the,O,2Le9YXWNdDg
 ,O,2Le9YXWNdDg
best,O,2Le9YXWNdDg
 ,O,2Le9YXWNdDg
travel,O,2Le9YXWNdDg
 ,O,2Le9YXWNdDg
course,O,2Le9YXWNdDg
 ,O,2Le9YXWNdDg
for,O,2Le9YXWNdDg
 ,O,2Le9YXWNdDg
recreation,O,2Le9YXWNdDg
 ,O,2Le9YXWNdDg
and,O,2Le9YXWNdDg
 ,O,2Le9YXWNdDg
healing.,O,2Le9YXWNdDg
ㅡㅡㅡ,ㅡㅡㅡ,2Le9YXWNdDg
Yeki Village,O,2Le9YXWNdDg
",",O,2Le9YXWNdDg
 ,O,2Le9YXWNdDg
where,O,2Le9YXWNdDg
 ,O,2Le9YXWNdDg
Seonseong-hyeon Cultural Complex,O,2Le9YXWNdDg
 ,O,2Le9YXWNdDg
is,O,2Le9YXWNdDg
 ,O,2Le9YXWNdDg
"located,",O,2Le9YXWNdDg
 ,O,2Le9YXWNdDg
started,O,2Le9YXWNdDg
 ,O,2Le9YXWNdDg
construction,O,2Le9YXWNdDg
 ,O,2Le9YXWNdDg
on,O,2Le9YXWNdDg
 ,O,2Le9YXWNdDg
January,O,2Le9YXWNdDg
 ,O,2Le9YXWNdDg
"5,",O,2Le9YXWNdDg
 ,O,2Le9YXWNdDg
1974,O,2Le9YXWNdDg
 ,O,2Le9YXWNdDg
due,O,2Le9YXWNdDg
 ,O,2Le9YXWNdDg
to,O,2Le9YXWNdDg
 ,O,2Le9YXWNdDg
the,O,2Le9YXWNdDg
 ,O,2Le9YXWNdDg
submersion,O,2Le9YXWNdDg
 ,O,2Le9YXWNdDg
of,O,2Le9YXWNdDg
 ,O,2Le9YXWNdDg
Andong Dam,O,2Le9YXWNdDg
",",O,2Le9YXWNdDg
 ,O,2Le9YXWNdDg
built,O,2Le9YXWNdDg
 ,O,2Le9YXWNdDg
a,O,2Le9YXWNdDg
 ,O,2Le9YXWNdDg
housing,O,2Le9YXWNdDg
 ,O,2Le9YXWNdDg
"site,",O,2Le9YXWNdDg
 ,O,2Le9YXWNdDg
and,O,2Le9YXWNdDg
 ,O,2Le9YXWNdDg
completed,O,2Le9YXWNdDg
 ,O,2Le9YXWNdDg
it,O,2Le9YXWNdDg
 ,O,2Le9YXWNdDg
on,O,2Le9YXWNdDg
 ,O,2Le9YXWNdDg
December,O,2Le9YXWNdDg
 ,O,2Le9YXWNdDg
"30,",O,2Le9YXWNdDg
 ,O,2Le9YXWNdDg
1976,O,2Le9YXWNdDg
.,O,2Le9YXWNdDg
 ,O,2Le9YXWNdDg
"However,",O,2Le9YXWNdDg
 ,O,2Le9YXWNdDg
thanks,O,2Le9YXWNdDg
 ,O,2Le9YXWNdDg
to,O,2Le9YXWNdDg
 ,O,2Le9YXWNdDg
the,O,2Le9YXWNdDg
 ,O,2Le9YXWNdDg
efforts,O,2Le9YXWNdDg
 ,O,2Le9YXWNdDg
of,O,2Le9YXWNdDg
 ,O,2Le9YXWNdDg
the,O,2Le9YXWNdDg
 ,O,2Le9YXWNdDg
village,O,2Le9YXWNdDg
"rs,",O,2Le9YXWNdDg
 ,O,2Le9YXWNdDg
the,O,2Le9YXWNdDg
 ,O,2Le9YXWNdDg
village,O,2Le9YXWNdDg
 ,O,2Le9YXWNdDg
has,O,2Le9YXWNdDg
 ,O,2Le9YXWNdDg
now,O,2Le9YXWNdDg
 ,O,2Le9YXWNdDg
been,O,2Le9YXWNdDg
 ,O,2Le9YXWNdDg
transformed,O,2Le9YXWNdDg
 ,O,2Le9YXWNdDg
into,O,2Le9YXWNdDg
 ,O,2Le9YXWNdDg
a,O,2Le9YXWNdDg
 ,O,2Le9YXWNdDg
village,O,2Le9YXWNdDg
 ,O,2Le9YXWNdDg
full,O,2Le9YXWNdDg
 ,O,2Le9YXWNdDg
of,O,2Le9YXWNdDg
 ,O,2Le9YXWNdDg
art,O,2Le9YXWNdDg
 ,O,2Le9YXWNdDg
and,O,2Le9YXWNdDg
 ,O,2Le9YXWNdDg
"talent,",O,2Le9YXWNdDg
 ,O,2Le9YXWNdDg
and,O,2Le9YXWNdDg
 ,O,2Le9YXWNdDg
it,O,2Le9YXWNdDg
 ,O,2Le9YXWNdDg
is,O,2Le9YXWNdDg
 ,O,2Le9YXWNdDg
positioned,O,2Le9YXWNdDg
 ,O,2Le9YXWNdDg
as,O,2Le9YXWNdDg
 ,O,2Le9YXWNdDg
a,O,2Le9YXWNdDg
 ,O,2Le9YXWNdDg
new,O,2Le9YXWNdDg
 ,O,2Le9YXWNdDg
tourist,O,2Le9YXWNdDg
 ,O,2Le9YXWNdDg
attraction,O,2Le9YXWNdDg
 ,O,2Le9YXWNdDg
with,O,2Le9YXWNdDg
 ,O,2Le9YXWNdDg
4,O,2Le9YXWNdDg
 ,O,2Le9YXWNdDg
art,O,2Le9YXWNdDg
 ,O,2Le9YXWNdDg
"galleries,",O,2Le9YXWNdDg
 ,O,2Le9YXWNdDg
a,O,2Le9YXWNdDg
 ,O,2Le9YXWNdDg
1km,O,2Le9YXWNdDg
 ,O,2Le9YXWNdDg
water,O,2Le9YXWNdDg
 ,O,2Le9YXWNdDg
"path,",O,2Le9YXWNdDg
 ,O,2Le9YXWNdDg
and,O,2Le9YXWNdDg
 ,O,2Le9YXWNdDg
various,O,2Le9YXWNdDg
 ,O,2Le9YXWNdDg
cultural,O,2Le9YXWNdDg
 ,O,2Le9YXWNdDg
facilities.,O,2Le9YXWNdDg
ㅡㅡㅡ,ㅡㅡㅡ,2Le9YXWNdDg
It,O,2Le9YXWNdDg
 ,O,2Le9YXWNdDg
is,O,2Le9YXWNdDg
 ,O,2Le9YXWNdDg
one,O,2Le9YXWNdDg
 ,O,2Le9YXWNdDg
of,O,2Le9YXWNdDg
 ,O,2Le9YXWNdDg
the,O,2Le9YXWNdDg
 ,O,2Le9YXWNdDg
hidden,O,2Le9YXWNdDg
 ,O,2Le9YXWNdDg
scenic,O,2Le9YXWNdDg
 ,O,2Le9YXWNdDg
spots,O,2Le9YXWNdDg
 ,O,2Le9YXWNdDg
in,O,2Le9YXWNdDg
 ,O,2Le9YXWNdDg
Andong,B_LOC,2Le9YXWNdDg
",",O,2Le9YXWNdDg
 ,O,2Le9YXWNdDg
and,O,2Le9YXWNdDg
 ,O,2Le9YXWNdDg
it,O,2Le9YXWNdDg
 ,O,2Le9YXWNdDg
is,O,2Le9YXWNdDg
 ,O,2Le9YXWNdDg
one,O,2Le9YXWNdDg
 ,O,2Le9YXWNdDg
of,O,2Le9YXWNdDg
 ,O,2Le9YXWNdDg
the,O,2Le9YXWNdDg
 ,O,2Le9YXWNdDg
best,O,2Le9YXWNdDg
 ,O,2Le9YXWNdDg
places,O,2Le9YXWNdDg
 ,O,2Le9YXWNdDg
for,O,2Le9YXWNdDg
 ,O,2Le9YXWNdDg
a,O,2Le9YXWNdDg
 ,O,2Le9YXWNdDg
family,O,2Le9YXWNdDg
 ,O,2Le9YXWNdDg
outing,O,2Le9YXWNdDg
 ,O,2Le9YXWNdDg
on,O,2Le9YXWNdDg
 ,O,2Le9YXWNdDg
the,O,2Le9YXWNdDg
 ,O,2Le9YXWNdDg
weekend.,O,2Le9YXWNdDg
ㅡㅡㅡ,ㅡㅡㅡ,2Le9YXWNdDg
안동시,B_LOC,2Le9YXWNdDg
에,O,2Le9YXWNdDg
 ,O,2Le9YXWNdDg
위치한,O,2Le9YXWNdDg
 ,O,2Le9YXWNdDg
선성현 문화단지,B_TOR,2Le9YXWNdDg
는,O,2Le9YXWNdDg
 ,O,2Le9YXWNdDg
선성현 문화단지 조성사업,O,2Le9YXWNdDg
의,O,2Le9YXWNdDg
 ,O,2Le9YXWNdDg
일환으로,O,2Le9YXWNdDg
 ,O,2Le9YXWNdDg
옛,O,2Le9YXWNdDg
 ,O,2Le9YXWNdDg
관아를,O,2Le9YXWNdDg
 ,O,2Le9YXWNdDg
복원해,O,2Le9YXWNdDg
 ,O,2Le9YXWNdDg
전통,O,2Le9YXWNdDg
 ,O,2Le9YXWNdDg
문화를,O,2Le9YXWNdDg
 ,O,2Le9YXWNdDg
이해하고,O,2Le9YXWNdDg
 ,O,2Le9YXWNdDg
체험,O,2Le9YXWNdDg
 ,O,2Le9YXWNdDg
할,O,2Le9YXWNdDg
 ,O,2Le9YXWNdDg
수,O,2Le9YXWNdDg
 ,O,2Le9YXWNdDg
있는,O,2Le9YXWNdDg
 ,O,2Le9YXWNdDg
공간으로,O,2Le9YXWNdDg
 ,O,2Le9YXWNdDg
안동호,B_TOR,2Le9YXWNdDg
를,O,2Le9YXWNdDg
 ,O,2Le9YXWNdDg
내려다,O,2Le9YXWNdDg
 ,O,2Le9YXWNdDg
볼,O,2Le9YXWNdDg
 ,O,2Le9YXWNdDg
수,O,2Le9YXWNdDg
 ,O,2Le9YXWNdDg
안동시,B_LOC,2Le9YXWNdDg
 ,O,2Le9YXWNdDg
도산면,O,2Le9YXWNdDg
 ,O,2Le9YXWNdDg
서부리,O,2Le9YXWNdDg
에,O,2Le9YXWNdDg
 ,O,2Le9YXWNdDg
건립되었으며,O,2Le9YXWNdDg
 ,O,2Le9YXWNdDg
인근에,O,2Le9YXWNdDg
 ,O,2Le9YXWNdDg
한국국학진흥원,B_TOR,2Le9YXWNdDg
과,O,2Le9YXWNdDg
 ,O,2Le9YXWNdDg
예안향교,B_TOR,2Le9YXWNdDg
",",O,2Le9YXWNdDg
 ,O,2Le9YXWNdDg
산림과학박물관,B_TOR,2Le9YXWNdDg
",",O,2Le9YXWNdDg
 ,O,2Le9YXWNdDg
도산서원,B_TOR,2Le9YXWNdDg
 ,O,2Le9YXWNdDg
등을,O,2Le9YXWNdDg
 ,O,2Le9YXWNdDg
유교,O,2Le9YXWNdDg
문화탐방로를,O,2Le9YXWNdDg
 ,O,2Le9YXWNdDg
통해,O,2Le9YXWNdDg
 ,O,2Le9YXWNdDg
관람할,O,2Le9YXWNdDg
 ,O,2Le9YXWNdDg
수,O,2Le9YXWNdDg
 ,O,2Le9YXWNdDg
있어,O,2Le9YXWNdDg
 ,O,2Le9YXWNdDg
휴양과,O,2Le9YXWNdDg
 ,O,2Le9YXWNdDg
힐링이,O,2Le9YXWNdDg
 ,O,2Le9YXWNdDg
가능한,O,2Le9YXWNdDg
 ,O,2Le9YXWNdDg
최고의,O,2Le9YXWNdDg
 ,O,2Le9YXWNdDg
여행,O,2Le9YXWNdDg
 ,O,2Le9YXWNdDg
코스입니다.,O,2Le9YXWNdDg
ㅡㅡㅡ,ㅡㅡㅡ,2Le9YXWNdDg
선성현 문화단지,B_TOR,2Le9YXWNdDg
가,O,2Le9YXWNdDg
 ,O,2Le9YXWNdDg
위치한,O,2Le9YXWNdDg
 ,O,2Le9YXWNdDg
예끼 마을,O,2Le9YXWNdDg
은,O,2Le9YXWNdDg
 ,O,2Le9YXWNdDg
안동댐,B_TOR,2Le9YXWNdDg
 ,O,2Le9YXWNdDg
수몰로,O,2Le9YXWNdDg
 ,O,2Le9YXWNdDg
인하여,O,2Le9YXWNdDg
 ,O,2Le9YXWNdDg
1974년 01월 05일,O,2Le9YXWNdDg
에,O,2Le9YXWNdDg
 ,O,2Le9YXWNdDg
착공하여,O,2Le9YXWNdDg
 ,O,2Le9YXWNdDg
택지를,O,2Le9YXWNdDg
 ,O,2Le9YXWNdDg
조성하고,O,2Le9YXWNdDg
 ,O,2Le9YXWNdDg
1976년 12월 30일,O,2Le9YXWNdDg
에,O,2Le9YXWNdDg
 ,O,2Le9YXWNdDg
준공하여,O,2Le9YXWNdDg
 ,O,2Le9YXWNdDg
이곳으로,O,2Le9YXWNdDg
 ,O,2Le9YXWNdDg
이주한,O,2Le9YXWNdDg
 ,O,2Le9YXWNdDg
애환이,O,2Le9YXWNdDg
 ,O,2Le9YXWNdDg
깃들어,O,2Le9YXWNdDg
 ,O,2Le9YXWNdDg
있는,O,2Le9YXWNdDg
 ,O,2Le9YXWNdDg
마을입니다.,O,2Le9YXWNdDg
 ,O,2Le9YXWNdDg
"그러나,",O,2Le9YXWNdDg
 ,O,2Le9YXWNdDg
마을,O,2Le9YXWNdDg
 ,O,2Le9YXWNdDg
주민,O,2Le9YXWNdDg
들의,O,2Le9YXWNdDg
 ,O,2Le9YXWNdDg
노력으로,O,2Le9YXWNdDg
 ,O,2Le9YXWNdDg
"현재,",O,2Le9YXWNdDg
 ,O,2Le9YXWNdDg
마을에는,O,2Le9YXWNdDg
 ,O,2Le9YXWNdDg
예술과,O,2Le9YXWNdDg
 ,O,2Le9YXWNdDg
끼가,O,2Le9YXWNdDg
 ,O,2Le9YXWNdDg
넘치는,O,2Le9YXWNdDg
 ,O,2Le9YXWNdDg
마을로,O,2Le9YXWNdDg
 ,O,2Le9YXWNdDg
변신하였으며,O,2Le9YXWNdDg
 ,O,2Le9YXWNdDg
미술갤러리,O,2Le9YXWNdDg
 ,O,2Le9YXWNdDg
4곳,O,2Le9YXWNdDg
을,O,2Le9YXWNdDg
 ,O,2Le9YXWNdDg
비롯하여,O,2Le9YXWNdDg
 ,O,2Le9YXWNdDg
1km,O,2Le9YXWNdDg
의,O,2Le9YXWNdDg
 ,O,2Le9YXWNdDg
"수상길,",O,2Le9YXWNdDg
 ,O,2Le9YXWNdDg
그리고,O,2Le9YXWNdDg
 ,O,2Le9YXWNdDg
다양한,O,2Le9YXWNdDg
 ,O,2Le9YXWNdDg
문화시설이,O,2Le9YXWNdDg
 ,O,2Le9YXWNdDg
있는,O,2Le9YXWNdDg
 ,O,2Le9YXWNdDg
새로운,O,2Le9YXWNdDg
 ,O,2Le9YXWNdDg
관광명소로,O,2Le9YXWNdDg
 ,O,2Le9YXWNdDg
자리잡고,O,2Le9YXWNdDg
 ,O,2Le9YXWNdDg
있습니다.,O,2Le9YXWNdDg
ㅡㅡㅡ,ㅡㅡㅡ,2Le9YXWNdDg
안동시,B_LOC,2Le9YXWNdDg
의,O,2Le9YXWNdDg
 ,O,2Le9YXWNdDg
숨은,O,2Le9YXWNdDg
 ,O,2Le9YXWNdDg
명승지중,O,2Le9YXWNdDg
 ,O,2Le9YXWNdDg
하나,O,2Le9YXWNdDg
로,O,2Le9YXWNdDg
 ,O,2Le9YXWNdDg
주말,O,2Le9YXWNdDg
 ,O,2Le9YXWNdDg
가족,O,2Le9YXWNdDg
나들이,O,2Le9YXWNdDg
 ,O,2Le9YXWNdDg
하기,O,2Le9YXWNdDg
 ,O,2Le9YXWNdDg
아주,O,2Le9YXWNdDg
 ,O,2Le9YXWNdDg
좋은,O,2Le9YXWNdDg
 ,O,2Le9YXWNdDg
곳,O,2Le9YXWNdDg
 ,O,2Le9YXWNdDg
중에,O,2Le9YXWNdDg
 ,O,2Le9YXWNdDg
하나,O,2Le9YXWNdDg
입니다.,O,2Le9YXWNdDg
ㅡㅡㅡ,ㅡㅡㅡ,2Le9YXWNdDg
Travel,O,2Le9YXWNdDg
 ,O,2Le9YXWNdDg
location,O,2Le9YXWNdDg
 ,O,2Le9YXWNdDg
여행지,O,2Le9YXWNdDg
 ,O,2Le9YXWNdDg
위치,O,2Le9YXWNdDg
ㅡㅡㅡ,ㅡㅡㅡ,2Le9YXWNdDg
Google Maps,O,2Le9YXWNdDg
 ,O,2Le9YXWNdDg
:,O,2Le9YXWNdDg
 ,O,2Le9YXWNdDg
https,O,2Le9YXWNdDg
://,O,2Le9YXWNdDg
www,O,2Le9YXWNdDg
".google.co.kr/maps/place/%EC%84%A0%EC%84%B1%ED%98%84%EB%AC%B8%ED%99%94%EB%8B%A8%EC%A7%80%ED%95%9C%EC%98%A5%EC%B2%B4%ED%97%98%EA%B4%80/@36.6994705,128.8110582,16z/data=!4m5!3m4!1s0x3566ad8d9a78df9d:0x8baf34c0dbb99d92!8m2!3d36.6970877!4d128.813043?hl=",O,2Le9YXWNdDg
ko,O,2Le9YXWNdDg
ㅡㅡㅡ,ㅡㅡㅡ,2Le9YXWNdDg
Naver Maps,O,2Le9YXWNdDg
 ,O,2Le9YXWNdDg
:,O,2Le9YXWNdDg
 ,O,2Le9YXWNdDg
https:,O,2Le9YXWNdDg
//map.naver.com/v5/search/%EC%95%88%,O,2Le9YXWNdDg
EB%8F%99%,O,2Le9YXWNdDg
EC%84%A0,O,2Le9YXWNdDg
%EC%84%B1%ED%98%84%,O,2Le9YXWNdDg
EB%AC%B8%ED%99%94%,O,2Le9YXWNdDg
EB%8B%A8%,O,2Le9YXWNdDg
"EC%A7%80/place/1102999031?c=14339115.3837767,4397130.3304840,15,0,0,0,dh",O,2Le9YXWNdDg
ㅡㅡㅡ,ㅡㅡㅡ,2Le9YXWNdDg
OTT,O,2Le9YXWNdDg
 ,O,2Le9YXWNdDg
Service,O,2Le9YXWNdDg
ㅡㅡㅡ,ㅡㅡㅡ,2Le9YXWNdDg
Korea,O,2Le9YXWNdDg
 ,O,2Le9YXWNdDg
Walking,O,2Le9YXWNdDg
 ,O,2Le9YXWNdDg
Trip,O,2Le9YXWNdDg
 ,O,2Le9YXWNdDg
[,O,2Le9YXWNdDg
유튜브,O,2Le9YXWNdDg
 ,O,2Le9YXWNdDg
YouTube,O,2Le9YXWNdDg
 ,O,2Le9YXWNdDg
-,O,2Le9YXWNdDg
 ,O,2Le9YXWNdDg
USA,O,2Le9YXWNdDg
],O,2Le9YXWNdDg
 ,O,2Le9YXWNdDg
h,O,2Le9YXWNdDg
ttp,O,2Le9YXWNdDg
s://,O,2Le9YXWNdDg
www,O,2Le9YXWNdDg
.,O,2Le9YXWNdDg
youtube,O,2Le9YXWNdDg
.com,O,2Le9YXWNdDg
/,O,2Le9YXWNdDg
channel/UCEjjDRxgU2NG2mYRtMWCljQ,O,2Le9YXWNdDg
ㅡㅡㅡ,ㅡㅡㅡ,2Le9YXWNdDg
Korea,O,2Le9YXWNdDg
 ,O,2Le9YXWNdDg
Walking,O,2Le9YXWNdDg
 ,O,2Le9YXWNdDg
Trip,O,2Le9YXWNdDg
 ,O,2Le9YXWNdDg
[,O,2Le9YXWNdDg
네이버TV,O,2Le9YXWNdDg
 ,O,2Le9YXWNdDg
NaverTV,O,2Le9YXWNdDg
 ,O,2Le9YXWNdDg
-,O,2Le9YXWNdDg
 ,O,2Le9YXWNdDg
KOREA,O,2Le9YXWNdDg
],O,2Le9YXWNdDg
 ,O,2Le9YXWNdDg
h,O,2Le9YXWNdDg
ttp,O,2Le9YXWNdDg
s://,O,2Le9YXWNdDg
tv,O,2Le9YXWNdDg
.naver.com/,O,2Le9YXWNdDg
walkingtrip,O,2Le9YXWNdDg
ㅡㅡㅡ,ㅡㅡㅡ,2Le9YXWNdDg
Korea,O,2Le9YXWNdDg
 ,O,2Le9YXWNdDg
Walking,O,2Le9YXWNdDg
 ,O,2Le9YXWNdDg
Trip,O,2Le9YXWNdDg
 ,O,2Le9YXWNdDg
[,O,2Le9YXWNdDg
인스타그램,O,2Le9YXWNdDg
 ,O,2Le9YXWNdDg
Instagram,O,2Le9YXWNdDg
 ,O,2Le9YXWNdDg
-,O,2Le9YXWNdDg
 ,O,2Le9YXWNdDg
USA,O,2Le9YXWNdDg
],O,2Le9YXWNdDg
 ,O,2Le9YXWNdDg
h,O,2Le9YXWNdDg
ttp,O,2Le9YXWNdDg
s://,O,2Le9YXWNdDg
www,O,2Le9YXWNdDg
.instagram.com/korea.walking.trip,O,2Le9YXWNdDg
ㅡㅡㅡ,ㅡㅡㅡ,2Le9YXWNdDg
Korea,O,2Le9YXWNdDg
 ,O,2Le9YXWNdDg
Walking,O,2Le9YXWNdDg
 ,O,2Le9YXWNdDg
Trip,O,2Le9YXWNdDg
 ,O,2Le9YXWNdDg
[,O,2Le9YXWNdDg
틱톡 Tik Tok,O,2Le9YXWNdDg
 ,O,2Le9YXWNdDg
-,O,2Le9YXWNdDg
 ,O,2Le9YXWNdDg
GLOBAL,O,2Le9YXWNdDg
],O,2Le9YXWNdDg
 ,O,2Le9YXWNdDg
h,O,2Le9YXWNdDg
ttps:,O,2Le9YXWNdDg
//,O,2Le9YXWNdDg
www,O,2Le9YXWNdDg
.tiktok.com/@koreawalkingtrip?lang=ko-KR&is_copy_url=1&is_from_webapp=v1,O,2Le9YXWNdDg
ㅡㅡㅡ,ㅡㅡㅡ,2Le9YXWNdDg
장비,O,2Le9YXWNdDg
 ,O,2Le9YXWNdDg
GEAR,O,2Le9YXWNdDg
ㅡㅡㅡ,ㅡㅡㅡ,2Le9YXWNdDg
Live,O,2Le9YXWNdDg
 ,O,2Le9YXWNdDg
videos,O,2Le9YXWNdDg
 ,O,2Le9YXWNdDg
are,O,2Le9YXWNdDg
 ,O,2Le9YXWNdDg
shot,O,2Le9YXWNdDg
 ,O,2Le9YXWNdDg
with,O,2Le9YXWNdDg
 ,O,2Le9YXWNdDg
a,O,2Le9YXWNdDg
 ,O,2Le9YXWNdDg
Mobile,O,2Le9YXWNdDg
 ,O,2Le9YXWNdDg
"Phone,",O,2Le9YXWNdDg
 ,O,2Le9YXWNdDg
DSLR,O,2Le9YXWNdDg
 ,O,2Le9YXWNdDg
on,O,2Le9YXWNdDg
 ,O,2Le9YXWNdDg
a,O,2Le9YXWNdDg
 ,O,2Le9YXWNdDg
Gimbal,O,2Le9YXWNdDg
.,O,2Le9YXWNdDg
 ,O,2Le9YXWNdDg
4K HDR,O,2Le9YXWNdDg
ㅡㅡㅡ,ㅡㅡㅡ,2Le9YXWNdDg
모바일폰,O,2Le9YXWNdDg
",",O,2Le9YXWNdDg
 ,O,2Le9YXWNdDg
DSLR 카메라,O,2Le9YXWNdDg
",",O,2Le9YXWNdDg
 ,O,2Le9YXWNdDg
짐벌,O,2Le9YXWNdDg
ㅡㅡㅡ,ㅡㅡㅡ,2Le9YXWNdDg
If,O,2Le9YXWNdDg
 ,O,2Le9YXWNdDg
you,O,2Le9YXWNdDg
 ,O,2Le9YXWNdDg
enjoyed,O,2Le9YXWNdDg
 ,O,2Le9YXWNdDg
your,O,2Le9YXWNdDg
 ,O,2Le9YXWNdDg
"trip,",O,2Le9YXWNdDg
 ,O,2Le9YXWNdDg
please,O,2Le9YXWNdDg
 ,O,2Le9YXWNdDg
subscribe,O,2Le9YXWNdDg
 ,O,2Le9YXWNdDg
and,O,2Le9YXWNdDg
 ,O,2Le9YXWNdDg
like,O,2Le9YXWNdDg
 ,O,2Le9YXWNdDg
it.,O,2Le9YXWNdDg
ㅡㅡㅡ,ㅡㅡㅡ,2Le9YXWNdDg
Have,O,2Le9YXWNdDg
 ,O,2Le9YXWNdDg
a,O,2Le9YXWNdDg
 ,O,2Le9YXWNdDg
nice,O,2Le9YXWNdDg
 ,O,2Le9YXWNdDg
day,O,2Le9YXWNdDg
 ,O,2Le9YXWNdDg
today!,O,2Le9YXWNdDg
 ,O,2Le9YXWNdDg
^^*,O,2Le9YXWNdDg
ㅡㅡㅡ,ㅡㅡㅡ,2Le9YXWNdDg
즐거운,O,2Le9YXWNdDg
 ,O,2Le9YXWNdDg
여행이,O,2Le9YXWNdDg
 ,O,2Le9YXWNdDg
되셨다면,O,2Le9YXWNdDg
 ,O,2Le9YXWNdDg
구독과,O,2Le9YXWNdDg
 ,O,2Le9YXWNdDg
좋아요,O,2Le9YXWNdDg
 ,O,2Le9YXWNdDg
부탁드립니다.,O,2Le9YXWNdDg
 ,O,2Le9YXWNdDg
꾸벅!,O,2Le9YXWNdDg
ㅡㅡㅡ,ㅡㅡㅡ,2Le9YXWNdDg
오늘,O,2Le9YXWNdDg
하루,O,2Le9YXWNdDg
도,O,2Le9YXWNdDg
 ,O,2Le9YXWNdDg
좋은,O,2Le9YXWNdDg
 ,O,2Le9YXWNdDg
하루,O,2Le9YXWNdDg
 ,O,2Le9YXWNdDg
되세요!,O,2Le9YXWNdDg
 ,O,2Le9YXWNdDg
^^,O,2Le9YXWNdDg
 ,O,2Le9YXWNdDg
*,O,2Le9YXWNdDg
ㅡㅡㅡ,ㅡㅡㅡ,2Le9YXWNdDg
#,O,2Le9YXWNdDg
안동,B_LOC,2Le9YXWNdDg
여행#,O,2Le9YXWNdDg
경북,O,2Le9YXWNdDg
관광#,O,2Le9YXWNdDg
선성현 문화단지,B_TOR,2Le9YXWNdDg
#trip,O,2Le9YXWNdDg
 ,O,2Le9YXWNdDg
in,O,2Le9YXWNdDg
 ,O,2Le9YXWNdDg
Korea,O,2Le9YXWNdDg
#韩国旅游#韓国旅行です#viaje,O,2Le9YXWNdDg
 ,O,2Le9YXWNdDg
a,O,2Le9YXWNdDg
 ,O,2Le9YXWNdDg
Corea#Voyage,O,2Le9YXWNdDg
 ,O,2Le9YXWNdDg
en,O,2Le9YXWNdDg
 ,O,2Le9YXWNdDg
Corée#Reise,O,2Le9YXWNdDg
 ,O,2Le9YXWNdDg
nach,O,2Le9YXWNdDg
 ,O,2Le9YXWNdDg
Kor,O,2Le9YXWNdDg
ea#Путешествие,O,2Le9YXWNdDg
 ,O,2Le9YXWNdDg
по,O,2Le9YXWNdDg
 ,O,2Le9YXWNdDg
Корее#un,O,2Le9YXWNdDg
 ,O,2Le9YXWNdDg
viaggio,O,2Le9YXWNdDg
 ,O,2Le9YXWNdDg
in,O,2Le9YXWNdDg
 ,O,2Le9YXWNdDg
Corea,O,2Le9YXWNdDg
#Du,O,2Le9YXWNdDg
 ,O,2Le9YXWNdDg
lịch,O,2Le9YXWNdDg
 ,O,2Le9YXWNdDg
Hàn,O,2Le9YXWNdDg
 ,O,2Le9YXWNdDg
Quốc#Wisat,O,2Le9YXWNdDg
a,O,2Le9YXWNdDg
 ,O,2Le9YXWNdDg
ke,O,2Le9YXWNdDg
 ,O,2Le9YXWNdDg
Koréa,O,2Le9YXWNdDg
ㅡㅡㅡ,ㅡㅡㅡ,ㅡㅡㅡ
',O,3mVouqMZB_I
제익,O,3mVouqMZB_I
'이,O,3mVouqMZB_I
 ,O,3mVouqMZB_I
',O,3mVouqMZB_I
제이크,O,3mVouqMZB_I
'로,O,3mVouqMZB_I
 ,O,3mVouqMZB_I
변한,O,3mVouqMZB_I
 ,O,3mVouqMZB_I
위기,O,3mVouqMZB_I
 ,O,3mVouqMZB_I
속에서,O,3mVouqMZB_I
ㅡㅡㅡ,ㅡㅡㅡ,3mVouqMZB_I
',O,3mVouqMZB_I
가보이소,O,3mVouqMZB_I
'의,O,3mVouqMZB_I
 ,O,3mVouqMZB_I
우당탕탕,O,3mVouqMZB_I
 ,O,3mVouqMZB_I
좌충우돌,O,3mVouqMZB_I
 ,O,3mVouqMZB_I
안동,B_LOC,3mVouqMZB_I
 ,O,3mVouqMZB_I
가이드가,O,3mVouqMZB_I
 ,O,3mVouqMZB_I
시작됐다,O,3mVouqMZB_I
ㅡㅡㅡ,ㅡㅡㅡ,3mVouqMZB_I
안동,B_LOC,3mVouqMZB_I
 ,O,3mVouqMZB_I
대표,O,3mVouqMZB_I
 ,O,3mVouqMZB_I
관광지,O,3mVouqMZB_I
 ,O,3mVouqMZB_I
하회마을,B_TOR,3mVouqMZB_I
부터,O,3mVouqMZB_I
ㅡㅡㅡ,ㅡㅡㅡ,3mVouqMZB_I
한국,O,3mVouqMZB_I
의,O,3mVouqMZB_I
 ,O,3mVouqMZB_I
서원,O,3mVouqMZB_I
 ,O,3mVouqMZB_I
병산서원,B_TOR,3mVouqMZB_I
까지!,O,3mVouqMZB_I
ㅡㅡㅡ,ㅡㅡㅡ,3mVouqMZB_I
안동,B_LOC,3mVouqMZB_I
 ,O,3mVouqMZB_I
곳곳의,O,3mVouqMZB_I
 ,O,3mVouqMZB_I
문화유산을,O,3mVouqMZB_I
 ,O,3mVouqMZB_I
관광한,O,3mVouqMZB_I
 ,O,3mVouqMZB_I
관광객,O,3mVouqMZB_I
들,O,3mVouqMZB_I
ㅡㅡㅡ,ㅡㅡㅡ,3mVouqMZB_I
결과는,O,3mVouqMZB_I
 ,O,3mVouqMZB_I
과연...?,O,3mVouqMZB_I
ㅡㅡㅡ,ㅡㅡㅡ,3mVouqMZB_I
가보이소 안동 투어,O,3mVouqMZB_I
 ,O,3mVouqMZB_I
제,O,3mVouqMZB_I
 ,O,3mVouqMZB_I
점수는요?,O,3mVouqMZB_I
ㅡㅡㅡ,ㅡㅡㅡ,3mVouqMZB_I
보이소TV,O,3mVouqMZB_I
 ,O,3mVouqMZB_I
채널,O,3mVouqMZB_I
 ,O,3mVouqMZB_I
구독은,O,3mVouqMZB_I
 ,O,3mVouqMZB_I
사랑입니다❤,O,3mVouqMZB_I
ㅡㅡㅡ,ㅡㅡㅡ,3mVouqMZB_I
영상,O,3mVouqMZB_I
 ,O,3mVouqMZB_I
"좋아요,",O,3mVouqMZB_I
 ,O,3mVouqMZB_I
댓글,O,3mVouqMZB_I
 ,O,3mVouqMZB_I
남기고,O,3mVouqMZB_I
 ,O,3mVouqMZB_I
상품,O,3mVouqMZB_I
 ,O,3mVouqMZB_I
받아가세요!,O,3mVouqMZB_I
ㅡㅡㅡ,ㅡㅡㅡ,3mVouqMZB_I
가보이소,O,3mVouqMZB_I
 ,O,3mVouqMZB_I
5화,O,3mVouqMZB_I
 ,O,3mVouqMZB_I
시청,O,3mVouqMZB_I
 ,O,3mVouqMZB_I
후,O,3mVouqMZB_I
 ,O,3mVouqMZB_I
킬링포인트,O,3mVouqMZB_I
 ,O,3mVouqMZB_I
장면의,O,3mVouqMZB_I
 ,O,3mVouqMZB_I
영상,O,3mVouqMZB_I
 ,O,3mVouqMZB_I
타임과,O,3mVouqMZB_I
 ,O,3mVouqMZB_I
댓글을,O,3mVouqMZB_I
 ,O,3mVouqMZB_I
남기면,O,3mVouqMZB_I
ㅡㅡㅡ,ㅡㅡㅡ,3mVouqMZB_I
햄버거,O,3mVouqMZB_I
 ,O,3mVouqMZB_I
기프티콘이...?!,O,3mVouqMZB_I
ㅡㅡㅡ,ㅡㅡㅡ,3mVouqMZB_I
자세한,O,3mVouqMZB_I
 ,O,3mVouqMZB_I
이벤트,O,3mVouqMZB_I
 ,O,3mVouqMZB_I
내용은,O,3mVouqMZB_I
 ,O,3mVouqMZB_I
하단,O,3mVouqMZB_I
 ,O,3mVouqMZB_I
링크를,O,3mVouqMZB_I
 ,O,3mVouqMZB_I
참고해주세요,O,3mVouqMZB_I
ㅡㅡㅡ,ㅡㅡㅡ,3mVouqMZB_I
https://,O,3mVouqMZB_I
www,O,3mVouqMZB_I
.youtube.com/c/%EB%B3%B4%EC%9D%B4%EC%86%8CTV,O,3mVouqMZB_I
/communi,O,3mVouqMZB_I
ty,O,3mVouqMZB_I
ㅡㅡㅡ,ㅡㅡㅡ,3mVouqMZB_I
#글로벌여행사,O,3mVouqMZB_I
 ,O,3mVouqMZB_I
#,O,3mVouqMZB_I
가보이소,O,3mVouqMZB_I
 ,O,3mVouqMZB_I
#,O,3mVouqMZB_I
보이소TV,O,3mVouqMZB_I
 ,O,3mVouqMZB_I
#,O,3mVouqMZB_I
김용명,O,3mVouqMZB_I
 ,O,3mVouqMZB_I
#,O,3mVouqMZB_I
허안나,O,3mVouqMZB_I
 ,O,3mVouqMZB_I
#,O,3mVouqMZB_I
경상북도,O,3mVouqMZB_I
 ,O,3mVouqMZB_I
#,O,3mVouqMZB_I
안동,B_LOC,3mVouqMZB_I
 ,O,3mVouqMZB_I
#여행,O,3mVouqMZB_I
 ,O,3mVouqMZB_I
#,O,3mVouqMZB_I
KTX,O,3mVouqMZB_I
이음,O,3mVouqMZB_I
 ,O,3mVouqMZB_I
#,O,3mVouqMZB_I
하회마을,B_TOR,3mVouqMZB_I
 ,O,3mVouqMZB_I
#,O,3mVouqMZB_I
병산서원,B_TOR,3mVouqMZB_I
 ,O,3mVouqMZB_I
#웹드라마,O,3mVouqMZB_I
 ,O,3mVouqMZB_I
#웹시트콤,O,3mVouqMZB_I
 ,O,3mVouqMZB_I
#,O,3mVouqMZB_I
코미디,O,3mVouqMZB_I
 ,O,3mVouqMZB_I
#이,O,3mVouqMZB_I
과장,O,3mVouqMZB_I
 ,O,3mVouqMZB_I
#좋좋소,O,3mVouqMZB_I
 ,O,3mVouqMZB_I
#무한상사,O,3mVouqMZB_I
 ,O,3mVouqMZB_I
#중소기업,O,3mVouqMZB_I
ㅡㅡㅡ,ㅡㅡㅡ,ㅡㅡㅡ
마치,O,gfdaCKNMq7U
 ,O,gfdaCKNMq7U
타임머신을,O,gfdaCKNMq7U
 ,O,gfdaCKNMq7U
타고,O,gfdaCKNMq7U
 ,O,gfdaCKNMq7U
조선시대,O,gfdaCKNMq7U
로,O,gfdaCKNMq7U
 ,O,gfdaCKNMq7U
온,O,gfdaCKNMq7U
 ,O,gfdaCKNMq7U
느낌이다.,O,gfdaCKNMq7U
ㅡㅡㅡ,ㅡㅡㅡ,gfdaCKNMq7U
낙동강,B_TOR,gfdaCKNMq7U
이,O,gfdaCKNMq7U
 ,O,gfdaCKNMq7U
S자 모양,O,gfdaCKNMq7U
으로,O,gfdaCKNMq7U
 ,O,gfdaCKNMq7U
마을을,O,gfdaCKNMq7U
 ,O,gfdaCKNMq7U
감싸고,O,gfdaCKNMq7U
 ,O,gfdaCKNMq7U
흐른다고,O,gfdaCKNMq7U
 ,O,gfdaCKNMq7U
해서,O,gfdaCKNMq7U
ㅡㅡㅡ,ㅡㅡㅡ,gfdaCKNMq7U
하회마을,B_TOR,gfdaCKNMq7U
이라고,O,gfdaCKNMq7U
 ,O,gfdaCKNMq7U
한다.,O,gfdaCKNMq7U
ㅡㅡㅡ,ㅡㅡㅡ,gfdaCKNMq7U
마을은,O,gfdaCKNMq7U
 ,O,gfdaCKNMq7U
조용하면서,O,gfdaCKNMq7U
 ,O,gfdaCKNMq7U
아담하고,O,gfdaCKNMq7U
ㅡㅡㅡ,ㅡㅡㅡ,gfdaCKNMq7U
고향냄새,O,gfdaCKNMq7U
 ,O,gfdaCKNMq7U
나는,O,gfdaCKNMq7U
 ,O,gfdaCKNMq7U
곳이었다.,O,gfdaCKNMq7U
ㅡㅡㅡ,ㅡㅡㅡ,ㅡㅡㅡ
Kore,O,ZGr3sEar3Wc
an,O,ZGr3sEar3Wc
 ,O,ZGr3sEar3Wc
Garden,O,ZGr3sEar3Wc
 ,O,ZGr3sEar3Wc
with,O,ZGr3sEar3Wc
 ,O,ZGr3sEar3Wc
Natur,O,ZGr3sEar3Wc
e,O,ZGr3sEar3Wc
 ,O,ZGr3sEar3Wc
and,O,ZGr3sEar3Wc
 ,O,ZGr3sEar3Wc
Philosophy,O,ZGr3sEar3Wc
ㅡㅡㅡ,ㅡㅡㅡ,ZGr3sEar3Wc
4K,O,ZGr3sEar3Wc
 ,O,ZGr3sEar3Wc
[혼자,O,ZGr3sEar3Wc
 ,O,ZGr3sEar3Wc
여행기,O,ZGr3sEar3Wc
 ,O,ZGr3sEar3Wc
vlog,O,ZGr3sEar3Wc
],O,ZGr3sEar3Wc
 ,O,ZGr3sEar3Wc
인생,O,ZGr3sEar3Wc
 ,O,ZGr3sEar3Wc
사진의,O,ZGr3sEar3Wc
 ,O,ZGr3sEar3Wc
메카,O,ZGr3sEar3Wc
 ,O,ZGr3sEar3Wc
`,O,ZGr3sEar3Wc
만휴정,B_TOR,ZGr3sEar3Wc
`,O,ZGr3sEar3Wc
 ,O,ZGr3sEar3Wc
/,O,ZGr3sEar3Wc
 ,O,ZGr3sEar3Wc
경북,O,ZGr3sEar3Wc
안동,B_LOC,ZGr3sEar3Wc
 ,O,ZGr3sEar3Wc
/,O,ZGr3sEar3Wc
 ,O,ZGr3sEar3Wc
숨겨진,O,ZGr3sEar3Wc
 ,O,ZGr3sEar3Wc
명소,O,ZGr3sEar3Wc
 ,O,ZGr3sEar3Wc
추천,O,ZGr3sEar3Wc
 ,O,ZGr3sEar3Wc
#,O,ZGr3sEar3Wc
만휴정,B_TOR,ZGr3sEar3Wc
 ,O,ZGr3sEar3Wc
#,O,ZGr3sEar3Wc
안동만휴정,B_TOR,ZGr3sEar3Wc
 ,O,ZGr3sEar3Wc
#,O,ZGr3sEar3Wc
안동,B_LOC,ZGr3sEar3Wc
여행,O,ZGr3sEar3Wc
 ,O,ZGr3sEar3Wc
#,O,ZGr3sEar3Wc
봉정사,B_TOR,ZGr3sEar3Wc
여행,O,ZGr3sEar3Wc
 ,O,ZGr3sEar3Wc
#힐링장소,O,ZGr3sEar3Wc
 ,O,ZGr3sEar3Wc
#,O,ZGr3sEar3Wc
안동,B_LOC,ZGr3sEar3Wc
가볼만한곳,O,ZGr3sEar3Wc
 ,O,ZGr3sEar3Wc
#나만의여행,O,ZGr3sEar3Wc
 ,O,ZGr3sEar3Wc
#,O,ZGr3sEar3Wc
미스터 선샤인,O,ZGr3sEar3Wc
 ,O,ZGr3sEar3Wc
촬영지,O,ZGr3sEar3Wc
 ,O,ZGr3sEar3Wc
#Korean,O,ZGr3sEar3Wc
 ,O,ZGr3sEar3Wc
Garden,O,ZGr3sEar3Wc
 ,O,ZGr3sEar3Wc
with,O,ZGr3sEar3Wc
 ,O,ZGr3sEar3Wc
Nature,O,ZGr3sEar3Wc
 ,O,ZGr3sEar3Wc
and,O,ZGr3sEar3Wc
 ,O,ZGr3sEar3Wc
Philosophy,O,ZGr3sEar3Wc
ㅡㅡㅡ,ㅡㅡㅡ,ZGr3sEar3Wc
*,O,ZGr3sEar3Wc
 ,O,ZGr3sEar3Wc
컴퓨터 PC,O,ZGr3sEar3Wc
로,O,ZGr3sEar3Wc
 ,O,ZGr3sEar3Wc
보시는,O,ZGr3sEar3Wc
 ,O,ZGr3sEar3Wc
분은,O,ZGr3sEar3Wc
 ,O,ZGr3sEar3Wc
2160p,O,ZGr3sEar3Wc
 ,O,ZGr3sEar3Wc
4K,O,ZGr3sEar3Wc
로...,O,ZGr3sEar3Wc
ㅡㅡㅡ,ㅡㅡㅡ,ZGr3sEar3Wc
*,O,ZGr3sEar3Wc
 ,O,ZGr3sEar3Wc
스마트 폰,O,ZGr3sEar3Wc
으로,O,ZGr3sEar3Wc
 ,O,ZGr3sEar3Wc
보시는,O,ZGr3sEar3Wc
 ,O,ZGr3sEar3Wc
분은,O,ZGr3sEar3Wc
 ,O,ZGr3sEar3Wc
1080p,O,ZGr3sEar3Wc
 ,O,ZGr3sEar3Wc
HD로,O,ZGr3sEar3Wc
 ,O,ZGr3sEar3Wc
시청,O,ZGr3sEar3Wc
 ,O,ZGr3sEar3Wc
하시는,O,ZGr3sEar3Wc
 ,O,ZGr3sEar3Wc
걸,O,ZGr3sEar3Wc
 ,O,ZGr3sEar3Wc
추천해,O,ZGr3sEar3Wc
 ,O,ZGr3sEar3Wc
드립니다..,O,ZGr3sEar3Wc
ㅡㅡㅡ,ㅡㅡㅡ,ZGr3sEar3Wc
*,O,ZGr3sEar3Wc
 ,O,ZGr3sEar3Wc
If,O,ZGr3sEar3Wc
 ,O,ZGr3sEar3Wc
you're,O,ZGr3sEar3Wc
 ,O,ZGr3sEar3Wc
looking,O,ZGr3sEar3Wc
 ,O,ZGr3sEar3Wc
at,O,ZGr3sEar3Wc
 ,O,ZGr3sEar3Wc
it,O,ZGr3sEar3Wc
 ,O,ZGr3sEar3Wc
on,O,ZGr3sEar3Wc
 ,O,ZGr3sEar3Wc
a,O,ZGr3sEar3Wc
 ,O,ZGr3sEar3Wc
computer PC,O,ZGr3sEar3Wc
",",O,ZGr3sEar3Wc
 ,O,ZGr3sEar3Wc
it's,O,ZGr3sEar3Wc
 ,O,ZGr3sEar3Wc
2160p,O,ZGr3sEar3Wc
 ,O,ZGr3sEar3Wc
4K,O,ZGr3sEar3Wc
...,O,ZGr3sEar3Wc
ㅡㅡㅡ,ㅡㅡㅡ,ZGr3sEar3Wc
*,O,ZGr3sEar3Wc
 ,O,ZGr3sEar3Wc
If,O,ZGr3sEar3Wc
 ,O,ZGr3sEar3Wc
you,O,ZGr3sEar3Wc
 ,O,ZGr3sEar3Wc
watch,O,ZGr3sEar3Wc
 ,O,ZGr3sEar3Wc
it,O,ZGr3sEar3Wc
 ,O,ZGr3sEar3Wc
on,O,ZGr3sEar3Wc
 ,O,ZGr3sEar3Wc
your,O,ZGr3sEar3Wc
 ,O,ZGr3sEar3Wc
smartphone,O,ZGr3sEar3Wc
",",O,ZGr3sEar3Wc
 ,O,ZGr3sEar3Wc
I,O,ZGr3sEar3Wc
 ,O,ZGr3sEar3Wc
recommend,O,ZGr3sEar3Wc
 ,O,ZGr3sEar3Wc
you,O,ZGr3sEar3Wc
 ,O,ZGr3sEar3Wc
watch,O,ZGr3sEar3Wc
 ,O,ZGr3sEar3Wc
it,O,ZGr3sEar3Wc
 ,O,ZGr3sEar3Wc
on,O,ZGr3sEar3Wc
 ,O,ZGr3sEar3Wc
1080p HD,O,ZGr3sEar3Wc
.,O,ZGr3sEar3Wc
ㅡㅡㅡ,ㅡㅡㅡ,ZGr3sEar3Wc
.....................................................................................,O,ZGr3sEar3Wc
ㅡㅡㅡ,ㅡㅡㅡ,ZGr3sEar3Wc
ㅡㅡㅡ,ㅡㅡㅡ,ZGr3sEar3Wc
안녕하세요~,O,ZGr3sEar3Wc
ㅡㅡㅡ,ㅡㅡㅡ,ZGr3sEar3Wc
감성근육1020,O,ZGr3sEar3Wc
 ,O,ZGr3sEar3Wc
입니다~~^^,O,ZGr3sEar3Wc
ㅡㅡㅡ,ㅡㅡㅡ,ZGr3sEar3Wc
이번에도,O,ZGr3sEar3Wc
 ,O,ZGr3sEar3Wc
안동,B_LOC,ZGr3sEar3Wc
시민,O,ZGr3sEar3Wc
께서,O,ZGr3sEar3Wc
 ,O,ZGr3sEar3Wc
많이,O,ZGr3sEar3Wc
 ,O,ZGr3sEar3Wc
추천해,O,ZGr3sEar3Wc
 ,O,ZGr3sEar3Wc
주신,O,ZGr3sEar3Wc
 ,O,ZGr3sEar3Wc
그림같은,O,ZGr3sEar3Wc
 ,O,ZGr3sEar3Wc
만휴정,B_TOR,ZGr3sEar3Wc
을,O,ZGr3sEar3Wc
 ,O,ZGr3sEar3Wc
담아,O,ZGr3sEar3Wc
 ,O,ZGr3sEar3Wc
봤습니다.,O,ZGr3sEar3Wc
ㅡㅡㅡ,ㅡㅡㅡ,ZGr3sEar3Wc
드라마,O,ZGr3sEar3Wc
 ,O,ZGr3sEar3Wc
`,O,ZGr3sEar3Wc
미스터 선샤인,O,ZGr3sEar3Wc
`,O,ZGr3sEar3Wc
 ,O,ZGr3sEar3Wc
촬영지로,O,ZGr3sEar3Wc
 ,O,ZGr3sEar3Wc
알려지면서,O,ZGr3sEar3Wc
 ,O,ZGr3sEar3Wc
많은,O,ZGr3sEar3Wc
 ,O,ZGr3sEar3Wc
사람들이,O,ZGr3sEar3Wc
 ,O,ZGr3sEar3Wc
찾아,O,ZGr3sEar3Wc
 ,O,ZGr3sEar3Wc
인생샷을,O,ZGr3sEar3Wc
 ,O,ZGr3sEar3Wc
남기고,O,ZGr3sEar3Wc
 ,O,ZGr3sEar3Wc
있는곳입니다.,O,ZGr3sEar3Wc
ㅡㅡㅡ,ㅡㅡㅡ,ZGr3sEar3Wc
경북,O,ZGr3sEar3Wc
 ,O,ZGr3sEar3Wc
안동시,B_LOC,ZGr3sEar3Wc
 ,O,ZGr3sEar3Wc
길안면,O,ZGr3sEar3Wc
 ,O,ZGr3sEar3Wc
묵계리,O,ZGr3sEar3Wc
에,O,ZGr3sEar3Wc
 ,O,ZGr3sEar3Wc
위치한,O,ZGr3sEar3Wc
 ,O,ZGr3sEar3Wc
만휴정,B_TOR,ZGr3sEar3Wc
은,O,ZGr3sEar3Wc
 ,O,ZGr3sEar3Wc
보백당,O,ZGr3sEar3Wc
(寶白堂),O,ZGr3sEar3Wc
 ,O,ZGr3sEar3Wc
김계행,O,ZGr3sEar3Wc
(金係行·,O,ZGr3sEar3Wc
1431~1517,O,ZGr3sEar3Wc
)이,O,ZGr3sEar3Wc
 ,O,ZGr3sEar3Wc
1951년,O,ZGr3sEar3Wc
 ,O,ZGr3sEar3Wc
지은,O,ZGr3sEar3Wc
 ,O,ZGr3sEar3Wc
별서정원,O,ZGr3sEar3Wc
 ,O,ZGr3sEar3Wc
입니다.,O,ZGr3sEar3Wc
ㅡㅡㅡ,ㅡㅡㅡ,ZGr3sEar3Wc
만휴정,B_TOR,ZGr3sEar3Wc
의,O,ZGr3sEar3Wc
 ,O,ZGr3sEar3Wc
뜻는,O,ZGr3sEar3Wc
 ,O,ZGr3sEar3Wc
'늦은,O,ZGr3sEar3Wc
 ,O,ZGr3sEar3Wc
휴식'이란,O,ZGr3sEar3Wc
 ,O,ZGr3sEar3Wc
의미이죠.,O,ZGr3sEar3Wc
ㅡㅡㅡ,ㅡㅡㅡ,ZGr3sEar3Wc
만휴정,B_TOR,ZGr3sEar3Wc
이,O,ZGr3sEar3Wc
 ,O,ZGr3sEar3Wc
있는,O,ZGr3sEar3Wc
 ,O,ZGr3sEar3Wc
이곳은,O,ZGr3sEar3Wc
 ,O,ZGr3sEar3Wc
원래,O,ZGr3sEar3Wc
 ,O,ZGr3sEar3Wc
송암동,O,ZGr3sEar3Wc
(松巖洞),O,ZGr3sEar3Wc
 ,O,ZGr3sEar3Wc
계곡이었는데,O,ZGr3sEar3Wc
 ,O,ZGr3sEar3Wc
만휴정,B_TOR,ZGr3sEar3Wc
을,O,ZGr3sEar3Wc
 ,O,ZGr3sEar3Wc
지은,O,ZGr3sEar3Wc
 ,O,ZGr3sEar3Wc
김계행,O,ZGr3sEar3Wc
이,O,ZGr3sEar3Wc
 ,O,ZGr3sEar3Wc
이곳에,O,ZGr3sEar3Wc
 ,O,ZGr3sEar3Wc
건물을,O,ZGr3sEar3Wc
 ,O,ZGr3sEar3Wc
지으면서,O,ZGr3sEar3Wc
 ,O,ZGr3sEar3Wc
묵계(黙溪)로,O,ZGr3sEar3Wc
 ,O,ZGr3sEar3Wc
불렀는데,O,ZGr3sEar3Wc
 ,O,ZGr3sEar3Wc
김계행,O,ZGr3sEar3Wc
이,O,ZGr3sEar3Wc
 ,O,ZGr3sEar3Wc
묵계,O,ZGr3sEar3Wc
(黙溪)에,O,ZGr3sEar3Wc
 ,O,ZGr3sEar3Wc
정자를,O,ZGr3sEar3Wc
 ,O,ZGr3sEar3Wc
지으면서,O,ZGr3sEar3Wc
 ,O,ZGr3sEar3Wc
느꼈던,O,ZGr3sEar3Wc
 ,O,ZGr3sEar3Wc
생각은,O,ZGr3sEar3Wc
 ,O,ZGr3sEar3Wc
무엇일까?,O,ZGr3sEar3Wc
 ,O,ZGr3sEar3Wc
묵계(黙溪)라는,O,ZGr3sEar3Wc
 ,O,ZGr3sEar3Wc
뜻은,O,ZGr3sEar3Wc
 ,O,ZGr3sEar3Wc
바로,O,ZGr3sEar3Wc
 ,O,ZGr3sEar3Wc
'조용한,O,ZGr3sEar3Wc
 ,O,ZGr3sEar3Wc
계곡'이란,O,ZGr3sEar3Wc
 ,O,ZGr3sEar3Wc
의미를,O,ZGr3sEar3Wc
 ,O,ZGr3sEar3Wc
가지고,O,ZGr3sEar3Wc
 ,O,ZGr3sEar3Wc
있습니다.,O,ZGr3sEar3Wc
ㅡㅡㅡ,ㅡㅡㅡ,ZGr3sEar3Wc
((,O,ZGr3sEar3Wc
 ,O,ZGr3sEar3Wc
영상을,O,ZGr3sEar3Wc
 ,O,ZGr3sEar3Wc
끝까지,O,ZGr3sEar3Wc
 ,O,ZGr3sEar3Wc
봐주세요,O,ZGr3sEar3Wc
 ,O,ZGr3sEar3Wc
~~,O,ZGr3sEar3Wc
 ,O,ZGr3sEar3Wc
)),O,ZGr3sEar3Wc
ㅡㅡㅡ,ㅡㅡㅡ,ZGr3sEar3Wc
.....................................................................................,O,ZGr3sEar3Wc
ㅡㅡㅡ,ㅡㅡㅡ,ZGr3sEar3Wc
bgm,O,ZGr3sEar3Wc
ㅡㅡㅡ,ㅡㅡㅡ,ZGr3sEar3Wc
Music,O,ZGr3sEar3Wc
 ,O,ZGr3sEar3Wc
provided,O,ZGr3sEar3Wc
 ,O,ZGr3sEar3Wc
by,O,ZGr3sEar3Wc
 ,O,ZGr3sEar3Wc
브금,O,ZGr3sEar3Wc
대통령,O,ZGr3sEar3Wc
ㅡㅡㅡ,ㅡㅡㅡ,ZGr3sEar3Wc
Track,O,ZGr3sEar3Wc
 ,O,ZGr3sEar3Wc
:,O,ZGr3sEar3Wc
 ,O,ZGr3sEar3Wc
대나무 숲의 바람,O,ZGr3sEar3Wc
 ,O,ZGr3sEar3Wc
-,O,ZGr3sEar3Wc
 ,O,ZGr3sEar3Wc
h,O,ZGr3sEar3Wc
ttp,O,ZGr3sEar3Wc
s://,O,ZGr3sEar3Wc
youtu.be/9cIZDaFkruc,O,ZGr3sEar3Wc
ㅡㅡㅡ,ㅡㅡㅡ,ZGr3sEar3Wc
Song,O,ZGr3sEar3Wc
 ,O,ZGr3sEar3Wc
:,O,ZGr3sEar3Wc
 ,O,ZGr3sEar3Wc
Ikson,O,ZGr3sEar3Wc
 ,O,ZGr3sEar3Wc
-,O,ZGr3sEar3Wc
 ,O,ZGr3sEar3Wc
Among,O,ZGr3sEar3Wc
 ,O,ZGr3sEar3Wc
Stars,O,ZGr3sEar3Wc
 ,O,ZGr3sEar3Wc
https://,O,ZGr3sEar3Wc
www,O,ZGr3sEar3Wc
.,O,ZGr3sEar3Wc
youtube.com,O,ZGr3sEar3Wc
/,O,ZGr3sEar3Wc
ikson,O,ZGr3sEar3Wc
ㅡㅡㅡ,ㅡㅡㅡ,ZGr3sEar3Wc
Music,O,ZGr3sEar3Wc
 ,O,ZGr3sEar3Wc
promoted,O,ZGr3sEar3Wc
 ,O,ZGr3sEar3Wc
by,O,ZGr3sEar3Wc
 ,O,ZGr3sEar3Wc
Vlog,O,ZGr3sEar3Wc
 ,O,ZGr3sEar3Wc
Copyright,O,ZGr3sEar3Wc
 ,O,ZGr3sEar3Wc
Free,O,ZGr3sEar3Wc
 ,O,ZGr3sEar3Wc
Music,O,ZGr3sEar3Wc
ㅡㅡㅡ,ㅡㅡㅡ,ZGr3sEar3Wc
Link,O,ZGr3sEar3Wc
 ,O,ZGr3sEar3Wc
:,O,ZGr3sEar3Wc
 ,O,ZGr3sEar3Wc
http,O,ZGr3sEar3Wc
s://,O,ZGr3sEar3Wc
youtu.be/1pMWGoRakFM,O,ZGr3sEar3Wc
ㅡㅡㅡ,ㅡㅡㅡ,ZGr3sEar3Wc
Music,O,ZGr3sEar3Wc
 ,O,ZGr3sEar3Wc
provided,O,ZGr3sEar3Wc
 ,O,ZGr3sEar3Wc
by,O,ZGr3sEar3Wc
 ,O,ZGr3sEar3Wc
브금,O,ZGr3sEar3Wc
대통령,O,ZGr3sEar3Wc
ㅡㅡㅡ,ㅡㅡㅡ,ZGr3sEar3Wc
Track,O,ZGr3sEar3Wc
 ,O,ZGr3sEar3Wc
:,O,ZGr3sEar3Wc
 ,O,ZGr3sEar3Wc
I Go Hawaii,O,ZGr3sEar3Wc
 ,O,ZGr3sEar3Wc
-,O,ZGr3sEar3Wc
 ,O,ZGr3sEar3Wc
http,O,ZGr3sEar3Wc
s://,O,ZGr3sEar3Wc
youtu.be/ByHDDQo9lL4,O,ZGr3sEar3Wc
ㅡㅡㅡ,ㅡㅡㅡ,ZGr3sEar3Wc
ㅡㅡㅡ,ㅡㅡㅡ,ZGr3sEar3Wc
`구독`과,O,ZGr3sEar3Wc
 ,O,ZGr3sEar3Wc
`좋아요`는,O,ZGr3sEar3Wc
 ,O,ZGr3sEar3Wc
저에게,O,ZGr3sEar3Wc
 ,O,ZGr3sEar3Wc
풍부한,O,ZGr3sEar3Wc
 ,O,ZGr3sEar3Wc
감성을,O,ZGr3sEar3Wc
 ,O,ZGr3sEar3Wc
줍니다^^,O,ZGr3sEar3Wc
ㅡㅡㅡ,ㅡㅡㅡ,ZGr3sEar3Wc
부탁,O,ZGr3sEar3Wc
 ,O,ZGr3sEar3Wc
드려요.,O,ZGr3sEar3Wc
 ,O,ZGr3sEar3Wc
^^,O,ZGr3sEar3Wc
ㅡㅡㅡ,ㅡㅡㅡ,ZGr3sEar3Wc
그리고,O,ZGr3sEar3Wc
 ,O,ZGr3sEar3Wc
댓글,O,ZGr3sEar3Wc
 ,O,ZGr3sEar3Wc
흔적도,O,ZGr3sEar3Wc
 ,O,ZGr3sEar3Wc
남겨,O,ZGr3sEar3Wc
 ,O,ZGr3sEar3Wc
주시면,O,ZGr3sEar3Wc
 ,O,ZGr3sEar3Wc
감사하겠습니다^^,O,ZGr3sEar3Wc
 ,O,ZGr3sEar3Wc
*,O,ZGr3sEar3Wc
ㅡㅡㅡ,ㅡㅡㅡ,ZGr3sEar3Wc
ㅡㅡㅡ,ㅡㅡㅡ,ZGr3sEar3Wc
감성근육,O,ZGr3sEar3Wc
1020,O,ZGr3sEar3Wc
ㅡㅡㅡ,ㅡㅡㅡ,ㅡㅡㅡ
Korea,O,YCTUu00YQsk
n,O,YCTUu00YQsk
 ,O,YCTUu00YQsk
temple,O,YCTUu00YQsk
 ,O,YCTUu00YQsk
that,O,YCTUu00YQsk
 ,O,YCTUu00YQsk
Queen,O,YCTUu00YQsk
 ,O,YCTUu00YQsk
Elizabeth,O,YCTUu00YQsk
 ,O,YCTUu00YQsk
of,O,YCTUu00YQsk
 ,O,YCTUu00YQsk
Englan,O,YCTUu00YQsk
d,O,YCTUu00YQsk
 ,O,YCTUu00YQsk
fell,O,YCTUu00YQsk
 ,O,YCTUu00YQsk
in,O,YCTUu00YQsk
 ,O,YCTUu00YQsk
love,O,YCTUu00YQsk
 ,O,YCTUu00YQsk
with.,O,YCTUu00YQsk
ㅡㅡㅡ,ㅡㅡㅡ,YCTUu00YQsk
#,O,YCTUu00YQsk
봉정사,B_TOR,YCTUu00YQsk
 ,O,YCTUu00YQsk
#,O,YCTUu00YQsk
경북,O,YCTUu00YQsk
여행,O,YCTUu00YQsk
 ,O,YCTUu00YQsk
#,O,YCTUu00YQsk
봉정사,B_TOR,YCTUu00YQsk
여행,O,YCTUu00YQsk
 ,O,YCTUu00YQsk
#힐링장소,O,YCTUu00YQsk
 ,O,YCTUu00YQsk
#,O,YCTUu00YQsk
안동,B_LOC,YCTUu00YQsk
가볼만한곳,O,YCTUu00YQsk
 ,O,YCTUu00YQsk
#,O,YCTUu00YQsk
극락전,B_TOR,YCTUu00YQsk
 ,O,YCTUu00YQsk
#숨겨둔여행지,O,YCTUu00YQsk
 ,O,YCTUu00YQsk
#,O,YCTUu00YQsk
안동,B_LOC,YCTUu00YQsk
여행,O,YCTUu00YQsk
 ,O,YCTUu00YQsk
#,O,YCTUu00YQsk
감성근육,O,YCTUu00YQsk
 ,O,YCTUu00YQsk
#,O,YCTUu00YQsk
감성근육1020,O,YCTUu00YQsk
 ,O,YCTUu00YQsk
#뚜비아저씨,O,YCTUu00YQsk
ㅡㅡㅡ,ㅡㅡㅡ,YCTUu00YQsk
*,O,YCTUu00YQsk
 ,O,YCTUu00YQsk
컴퓨터 PC,O,YCTUu00YQsk
로,O,YCTUu00YQsk
 ,O,YCTUu00YQsk
보시는,O,YCTUu00YQsk
 ,O,YCTUu00YQsk
분은,O,YCTUu00YQsk
 ,O,YCTUu00YQsk
2160p,O,YCTUu00YQsk
 ,O,YCTUu00YQsk
4K,O,YCTUu00YQsk
로...,O,YCTUu00YQsk
ㅡㅡㅡ,ㅡㅡㅡ,YCTUu00YQsk
*,O,YCTUu00YQsk
 ,O,YCTUu00YQsk
스마트 폰,O,YCTUu00YQsk
으로,O,YCTUu00YQsk
 ,O,YCTUu00YQsk
보시는,O,YCTUu00YQsk
 ,O,YCTUu00YQsk
분은,O,YCTUu00YQsk
 ,O,YCTUu00YQsk
1080p,O,YCTUu00YQsk
 ,O,YCTUu00YQsk
HD,O,YCTUu00YQsk
로,O,YCTUu00YQsk
 ,O,YCTUu00YQsk
시청,O,YCTUu00YQsk
 ,O,YCTUu00YQsk
하시는걸,O,YCTUu00YQsk
 ,O,YCTUu00YQsk
추천해,O,YCTUu00YQsk
 ,O,YCTUu00YQsk
드립니다..,O,YCTUu00YQsk
ㅡㅡㅡ,ㅡㅡㅡ,YCTUu00YQsk
*,O,YCTUu00YQsk
 ,O,YCTUu00YQsk
If,O,YCTUu00YQsk
 ,O,YCTUu00YQsk
you're,O,YCTUu00YQsk
 ,O,YCTUu00YQsk
looking,O,YCTUu00YQsk
 ,O,YCTUu00YQsk
at,O,YCTUu00YQsk
 ,O,YCTUu00YQsk
it,O,YCTUu00YQsk
 ,O,YCTUu00YQsk
on,O,YCTUu00YQsk
 ,O,YCTUu00YQsk
a,O,YCTUu00YQsk
 ,O,YCTUu00YQsk
computer PC,O,YCTUu00YQsk
",",O,YCTUu00YQsk
 ,O,YCTUu00YQsk
it's,O,YCTUu00YQsk
 ,O,YCTUu00YQsk
2160p,O,YCTUu00YQsk
 ,O,YCTUu00YQsk
4K,O,YCTUu00YQsk
...,O,YCTUu00YQsk
ㅡㅡㅡ,ㅡㅡㅡ,YCTUu00YQsk
*,O,YCTUu00YQsk
 ,O,YCTUu00YQsk
If,O,YCTUu00YQsk
 ,O,YCTUu00YQsk
you,O,YCTUu00YQsk
 ,O,YCTUu00YQsk
watch,O,YCTUu00YQsk
 ,O,YCTUu00YQsk
it,O,YCTUu00YQsk
 ,O,YCTUu00YQsk
on,O,YCTUu00YQsk
 ,O,YCTUu00YQsk
your,O,YCTUu00YQsk
 ,O,YCTUu00YQsk
smartphone,O,YCTUu00YQsk
",",O,YCTUu00YQsk
 ,O,YCTUu00YQsk
I,O,YCTUu00YQsk
 ,O,YCTUu00YQsk
recommend,O,YCTUu00YQsk
 ,O,YCTUu00YQsk
you,O,YCTUu00YQsk
 ,O,YCTUu00YQsk
watch,O,YCTUu00YQsk
 ,O,YCTUu00YQsk
it,O,YCTUu00YQsk
 ,O,YCTUu00YQsk
on,O,YCTUu00YQsk
 ,O,YCTUu00YQsk
1080p HD,O,YCTUu00YQsk
.,O,YCTUu00YQsk
ㅡㅡㅡ,ㅡㅡㅡ,YCTUu00YQsk
.....................................................................................,O,YCTUu00YQsk
ㅡㅡㅡ,ㅡㅡㅡ,YCTUu00YQsk
ㅡㅡㅡ,ㅡㅡㅡ,YCTUu00YQsk
안녕하세요~,O,YCTUu00YQsk
ㅡㅡㅡ,ㅡㅡㅡ,YCTUu00YQsk
감성근육1020,O,YCTUu00YQsk
 ,O,YCTUu00YQsk
입니다~~^^,O,YCTUu00YQsk
ㅡㅡㅡ,ㅡㅡㅡ,YCTUu00YQsk
안동,B_LOC,YCTUu00YQsk
에,O,YCTUu00YQsk
 ,O,YCTUu00YQsk
내려와,O,YCTUu00YQsk
 ,O,YCTUu00YQsk
많은분께서,O,YCTUu00YQsk
 ,O,YCTUu00YQsk
좋은,O,YCTUu00YQsk
 ,O,YCTUu00YQsk
곳을,O,YCTUu00YQsk
 ,O,YCTUu00YQsk
알려,O,YCTUu00YQsk
 ,O,YCTUu00YQsk
주시는데...,O,YCTUu00YQsk
ㅡㅡㅡ,ㅡㅡㅡ,YCTUu00YQsk
동생,O,YCTUu00YQsk
 ,O,YCTUu00YQsk
같은,O,YCTUu00YQsk
 ,O,YCTUu00YQsk
지인,O,YCTUu00YQsk
이,O,YCTUu00YQsk
 ,O,YCTUu00YQsk
`,O,YCTUu00YQsk
봉정사,B_TOR,YCTUu00YQsk
`를,O,YCTUu00YQsk
 ,O,YCTUu00YQsk
알려주었답니다~,O,YCTUu00YQsk
ㅡㅡㅡ,ㅡㅡㅡ,YCTUu00YQsk
봉정사,B_TOR,YCTUu00YQsk
는,O,YCTUu00YQsk
 ,O,YCTUu00YQsk
작은,O,YCTUu00YQsk
 ,O,YCTUu00YQsk
사찰이지만,O,YCTUu00YQsk
 ,O,YCTUu00YQsk
정말,O,YCTUu00YQsk
 ,O,YCTUu00YQsk
한국적인,O,YCTUu00YQsk
 ,O,YCTUu00YQsk
사찰로,O,YCTUu00YQsk
 ,O,YCTUu00YQsk
편안하게,O,YCTUu00YQsk
 ,O,YCTUu00YQsk
즐기며,O,YCTUu00YQsk
 ,O,YCTUu00YQsk
산책,O,YCTUu00YQsk
 ,O,YCTUu00YQsk
하,O,YCTUu00YQsk
 ,O,YCTUu00YQsk
듯,O,YCTUu00YQsk
 ,O,YCTUu00YQsk
영상을,O,YCTUu00YQsk
 ,O,YCTUu00YQsk
찍었답니다~~,O,YCTUu00YQsk
ㅡㅡㅡ,ㅡㅡㅡ,YCTUu00YQsk
특히,O,YCTUu00YQsk
 ,O,YCTUu00YQsk
새소리가,O,YCTUu00YQsk
 ,O,YCTUu00YQsk
많이,O,YCTUu00YQsk
 ,O,YCTUu00YQsk
들려서,O,YCTUu00YQsk
 ,O,YCTUu00YQsk
좋았고,O,YCTUu00YQsk
 ,O,YCTUu00YQsk
바람도,O,YCTUu00YQsk
 ,O,YCTUu00YQsk
잔잔하게,O,YCTUu00YQsk
 ,O,YCTUu00YQsk
불어서,O,YCTUu00YQsk
 ,O,YCTUu00YQsk
더위도,O,YCTUu00YQsk
 ,O,YCTUu00YQsk
식혀,O,YCTUu00YQsk
 ,O,YCTUu00YQsk
주는,O,YCTUu00YQsk
 ,O,YCTUu00YQsk
멋진,O,YCTUu00YQsk
 ,O,YCTUu00YQsk
곳이었습니다~,O,YCTUu00YQsk
ㅡㅡㅡ,ㅡㅡㅡ,YCTUu00YQsk
((,O,YCTUu00YQsk
 ,O,YCTUu00YQsk
영상을,O,YCTUu00YQsk
 ,O,YCTUu00YQsk
끝까지,O,YCTUu00YQsk
 ,O,YCTUu00YQsk
봐주세요,O,YCTUu00YQsk
 ,O,YCTUu00YQsk
~~,O,YCTUu00YQsk
 ,O,YCTUu00YQsk
)),O,YCTUu00YQsk
ㅡㅡㅡ,ㅡㅡㅡ,YCTUu00YQsk
.....................................................................................,O,YCTUu00YQsk
ㅡㅡㅡ,ㅡㅡㅡ,YCTUu00YQsk
bgm,O,YCTUu00YQsk
ㅡㅡㅡ,ㅡㅡㅡ,YCTUu00YQsk
박세임,O,YCTUu00YQsk
 ,O,YCTUu00YQsk
-,O,YCTUu00YQsk
 ,O,YCTUu00YQsk
설화,O,YCTUu00YQsk
ㅡㅡㅡ,ㅡㅡㅡ,YCTUu00YQsk
출처및저작권표시,O,YCTUu00YQsk
 ,O,YCTUu00YQsk
-,O,YCTUu00YQsk
 ,O,YCTUu00YQsk
공유마당,O,YCTUu00YQsk
",",O,YCTUu00YQsk
 ,O,YCTUu00YQsk
CC,O,YCTUu00YQsk
 ,O,YCTUu00YQsk
BY,O,YCTUu00YQsk
ㅡㅡㅡ,ㅡㅡㅡ,YCTUu00YQsk
링크:,O,YCTUu00YQsk
 ,O,YCTUu00YQsk
https:,O,YCTUu00YQsk
//,O,YCTUu00YQsk
gongu.copyright.or.kr/gongu/w,O,YCTUu00YQsk
...,O,YCTUu00YQsk
ㅡㅡㅡ,ㅡㅡㅡ,YCTUu00YQsk
:,O,YCTUu00YQsk
 ,O,YCTUu00YQsk
http,O,YCTUu00YQsk
s://,O,YCTUu00YQsk
youtu,O,YCTUu00YQsk
.be,O,YCTUu00YQsk
/OZwwvl4P_y4,O,YCTUu00YQsk
ㅡㅡㅡ,ㅡㅡㅡ,YCTUu00YQsk
진유석,O,YCTUu00YQsk
 ,O,YCTUu00YQsk
-,O,YCTUu00YQsk
 ,O,YCTUu00YQsk
연모지정,O,YCTUu00YQsk
ㅡㅡㅡ,ㅡㅡㅡ,YCTUu00YQsk
출처및저작권표시,O,YCTUu00YQsk
 ,O,YCTUu00YQsk
-,O,YCTUu00YQsk
 ,O,YCTUu00YQsk
공유마당,O,YCTUu00YQsk
",",O,YCTUu00YQsk
 ,O,YCTUu00YQsk
CC,O,YCTUu00YQsk
 ,O,YCTUu00YQsk
BY,O,YCTUu00YQsk
ㅡㅡㅡ,ㅡㅡㅡ,YCTUu00YQsk
링크:,O,YCTUu00YQsk
 ,O,YCTUu00YQsk
https:,O,YCTUu00YQsk
//,O,YCTUu00YQsk
gongu.copyright.or.kr/gongu/w,O,YCTUu00YQsk
...,O,YCTUu00YQsk
ㅡㅡㅡ,ㅡㅡㅡ,YCTUu00YQsk
:,O,YCTUu00YQsk
 ,O,YCTUu00YQsk
http,O,YCTUu00YQsk
s://,O,YCTUu00YQsk
youtu,O,YCTUu00YQsk
.be,O,YCTUu00YQsk
/OZwwvl4P_y4,O,YCTUu00YQsk
ㅡㅡㅡ,ㅡㅡㅡ,YCTUu00YQsk
조성욱,O,YCTUu00YQsk
 ,O,YCTUu00YQsk
-,O,YCTUu00YQsk
 ,O,YCTUu00YQsk
비가,O,YCTUu00YQsk
(悲歌),O,YCTUu00YQsk
ㅡㅡㅡ,ㅡㅡㅡ,YCTUu00YQsk
출처,O,YCTUu00YQsk
 ,O,YCTUu00YQsk
및,O,YCTUu00YQsk
 ,O,YCTUu00YQsk
저작권,O,YCTUu00YQsk
표시,O,YCTUu00YQsk
 ,O,YCTUu00YQsk
-,O,YCTUu00YQsk
 ,O,YCTUu00YQsk
공유마당,O,YCTUu00YQsk
",",O,YCTUu00YQsk
 ,O,YCTUu00YQsk
CC,O,YCTUu00YQsk
 ,O,YCTUu00YQsk
BY,O,YCTUu00YQsk
ㅡㅡㅡ,ㅡㅡㅡ,YCTUu00YQsk
링크:,O,YCTUu00YQsk
 ,O,YCTUu00YQsk
https:,O,YCTUu00YQsk
//,O,YCTUu00YQsk
gongu.copyright.or.kr/gongu/w,O,YCTUu00YQsk
...,O,YCTUu00YQsk
ㅡㅡㅡ,ㅡㅡㅡ,YCTUu00YQsk
:,O,YCTUu00YQsk
 ,O,YCTUu00YQsk
http,O,YCTUu00YQsk
s://,O,YCTUu00YQsk
youtu,O,YCTUu00YQsk
.be,O,YCTUu00YQsk
/OZwwvl4P_y4,O,YCTUu00YQsk
ㅡㅡㅡ,ㅡㅡㅡ,YCTUu00YQsk
정혁준,O,YCTUu00YQsk
 ,O,YCTUu00YQsk
-,O,YCTUu00YQsk
 ,O,YCTUu00YQsk
7월,O,YCTUu00YQsk
 ,O,YCTUu00YQsk
7석,O,YCTUu00YQsk
",",O,YCTUu00YQsk
 ,O,YCTUu00YQsk
구름,O,YCTUu00YQsk
 ,O,YCTUu00YQsk
저편의,O,YCTUu00YQsk
 ,O,YCTUu00YQsk
약속,O,YCTUu00YQsk
ㅡㅡㅡ,ㅡㅡㅡ,YCTUu00YQsk
출처및저작권표시,O,YCTUu00YQsk
 ,O,YCTUu00YQsk
-,O,YCTUu00YQsk
 ,O,YCTUu00YQsk
공유마당,O,YCTUu00YQsk
",",O,YCTUu00YQsk
 ,O,YCTUu00YQsk
CC,O,YCTUu00YQsk
 ,O,YCTUu00YQsk
BY,O,YCTUu00YQsk
ㅡㅡㅡ,ㅡㅡㅡ,YCTUu00YQsk
링크:,O,YCTUu00YQsk
 ,O,YCTUu00YQsk
https:,O,YCTUu00YQsk
//,O,YCTUu00YQsk
gongu.copyright.or.kr/gongu/w,O,YCTUu00YQsk
...,O,YCTUu00YQsk
ㅡㅡㅡ,ㅡㅡㅡ,YCTUu00YQsk
:,O,YCTUu00YQsk
 ,O,YCTUu00YQsk
http,O,YCTUu00YQsk
s://,O,YCTUu00YQsk
youtu,O,YCTUu00YQsk
.be,O,YCTUu00YQsk
/OZwwvl4P_y4,O,YCTUu00YQsk
ㅡㅡㅡ,ㅡㅡㅡ,YCTUu00YQsk
윤영현,O,YCTUu00YQsk
 ,O,YCTUu00YQsk
-,O,YCTUu00YQsk
 ,O,YCTUu00YQsk
Beautiful,O,YCTUu00YQsk
 ,O,YCTUu00YQsk
Korea(,O,YCTUu00YQsk
뷰,O,YCTUu00YQsk
티플 코리아,O,YCTUu00YQsk
),O,YCTUu00YQsk
ㅡㅡㅡ,ㅡㅡㅡ,YCTUu00YQsk
출처및저작권표시,O,YCTUu00YQsk
 ,O,YCTUu00YQsk
-,O,YCTUu00YQsk
 ,O,YCTUu00YQsk
공유마당,O,YCTUu00YQsk
",",O,YCTUu00YQsk
 ,O,YCTUu00YQsk
CC,O,YCTUu00YQsk
 ,O,YCTUu00YQsk
BY,O,YCTUu00YQsk
ㅡㅡㅡ,ㅡㅡㅡ,YCTUu00YQsk
링크:,O,YCTUu00YQsk
 ,O,YCTUu00YQsk
https:,O,YCTUu00YQsk
//,O,YCTUu00YQsk
gongu.copyright.or.kr/gongu/w,O,YCTUu00YQsk
...,O,YCTUu00YQsk
ㅡㅡㅡ,ㅡㅡㅡ,YCTUu00YQsk
:,O,YCTUu00YQsk
 ,O,YCTUu00YQsk
http,O,YCTUu00YQsk
s://,O,YCTUu00YQsk
youtu,O,YCTUu00YQsk
.be,O,YCTUu00YQsk
/OZwwvl4P_y4,O,YCTUu00YQsk
ㅡㅡㅡ,ㅡㅡㅡ,YCTUu00YQsk
Song,O,YCTUu00YQsk
 ,O,YCTUu00YQsk
:,O,YCTUu00YQsk
 ,O,YCTUu00YQsk
Crimson,O,YCTUu00YQsk
 ,O,YCTUu00YQsk
-,O,YCTUu00YQsk
 ,O,YCTUu00YQsk
Heart Attack,O,YCTUu00YQsk
 ,O,YCTUu00YQsk
(feat.,O,YCTUu00YQsk
 ,O,YCTUu00YQsk
Ten Foot Circle,O,YCTUu00YQsk
),O,YCTUu00YQsk
 ,O,YCTUu00YQsk
https://,O,YCTUu00YQsk
soundcloud,O,YCTUu00YQsk
.com,O,YCTUu00YQsk
/,O,YCTUu00YQsk
outertone,O,YCTUu00YQsk
ㅡㅡㅡ,ㅡㅡㅡ,YCTUu00YQsk
Music,O,YCTUu00YQsk
 ,O,YCTUu00YQsk
promoted,O,YCTUu00YQsk
 ,O,YCTUu00YQsk
by,O,YCTUu00YQsk
 ,O,YCTUu00YQsk
Vlog,O,YCTUu00YQsk
 ,O,YCTUu00YQsk
Copyright,O,YCTUu00YQsk
 ,O,YCTUu00YQsk
Free,O,YCTUu00YQsk
 ,O,YCTUu00YQsk
Music,O,YCTUu00YQsk
ㅡㅡㅡ,ㅡㅡㅡ,YCTUu00YQsk
Link,O,YCTUu00YQsk
 ,O,YCTUu00YQsk
:,O,YCTUu00YQsk
 ,O,YCTUu00YQsk
http,O,YCTUu00YQsk
s://,O,YCTUu00YQsk
youtu.be/aJzPm9FEo8c,O,YCTUu00YQsk
ㅡㅡㅡ,ㅡㅡㅡ,YCTUu00YQsk
ㅡㅡㅡ,ㅡㅡㅡ,YCTUu00YQsk
`구독`과,O,YCTUu00YQsk
 ,O,YCTUu00YQsk
`좋아요`는,O,YCTUu00YQsk
 ,O,YCTUu00YQsk
저에게,O,YCTUu00YQsk
 ,O,YCTUu00YQsk
풍부한,O,YCTUu00YQsk
 ,O,YCTUu00YQsk
감성을,O,YCTUu00YQsk
 ,O,YCTUu00YQsk
줍니다^^,O,YCTUu00YQsk
ㅡㅡㅡ,ㅡㅡㅡ,YCTUu00YQsk
부탁,O,YCTUu00YQsk
 ,O,YCTUu00YQsk
드려요.,O,YCTUu00YQsk
 ,O,YCTUu00YQsk
^^,O,YCTUu00YQsk
ㅡㅡㅡ,ㅡㅡㅡ,YCTUu00YQsk
그리고,O,YCTUu00YQsk
 ,O,YCTUu00YQsk
댓글,O,YCTUu00YQsk
 ,O,YCTUu00YQsk
흔적도,O,YCTUu00YQsk
 ,O,YCTUu00YQsk
남겨,O,YCTUu00YQsk
 ,O,YCTUu00YQsk
주시면,O,YCTUu00YQsk
 ,O,YCTUu00YQsk
감사하겠습니다^^,O,YCTUu00YQsk
 ,O,YCTUu00YQsk
*,O,YCTUu00YQsk
ㅡㅡㅡ,ㅡㅡㅡ,YCTUu00YQsk
ㅡㅡㅡ,ㅡㅡㅡ,YCTUu00YQsk
감성근육,O,YCTUu00YQsk
1020,O,YCTUu00YQsk
ㅡㅡㅡ,ㅡㅡㅡ,ㅡㅡㅡ
[,O,a_jh-JTZ-WY
한국,O,a_jh-JTZ-WY
에,O,a_jh-JTZ-WY
 ,O,a_jh-JTZ-WY
있지],O,a_jh-JTZ-WY
 ,O,a_jh-JTZ-WY
이번엔,O,a_jh-JTZ-WY
 ,O,a_jh-JTZ-WY
한국,O,a_jh-JTZ-WY
 ,O,a_jh-JTZ-WY
여행이다!,O,a_jh-JTZ-WY
 ,O,a_jh-JTZ-WY
ITZY,O,a_jh-JTZ-WY
의,O,a_jh-JTZ-WY
 ,O,a_jh-JTZ-WY
대유잼,O,a_jh-JTZ-WY
 ,O,a_jh-JTZ-WY
안동,B_LOC,a_jh-JTZ-WY
 ,O,a_jh-JTZ-WY
여행기,O,a_jh-JTZ-WY
 ,O,a_jh-JTZ-WY
여기,O,a_jh-JTZ-WY
 ,O,a_jh-JTZ-WY
다,O,a_jh-JTZ-WY
 ,O,a_jh-JTZ-WY
있지,O,a_jh-JTZ-WY
 ,O,a_jh-JTZ-WY
|,O,a_jh-JTZ-WY
 ,O,a_jh-JTZ-WY
ITZY,O,a_jh-JTZ-WY
 ,O,a_jh-JTZ-WY
in,O,a_jh-JTZ-WY
 ,O,a_jh-JTZ-WY
Korea,O,a_jh-JTZ-WY
ㅡㅡㅡ,ㅡㅡㅡ,a_jh-JTZ-WY
대세,O,a_jh-JTZ-WY
 ,O,a_jh-JTZ-WY
그룹,O,a_jh-JTZ-WY
 ,O,a_jh-JTZ-WY
ITZY,O,a_jh-JTZ-WY
",",O,a_jh-JTZ-WY
 ,O,a_jh-JTZ-WY
이번엔,O,a_jh-JTZ-WY
 ,O,a_jh-JTZ-WY
안동,B_LOC,a_jh-JTZ-WY
에,O,a_jh-JTZ-WY
 ,O,a_jh-JTZ-WY
왔지ヽ(^o^)丿,O,a_jh-JTZ-WY
ㅡㅡㅡ,ㅡㅡㅡ,a_jh-JTZ-WY
깨발랄,O,a_jh-JTZ-WY
 ,O,a_jh-JTZ-WY
있지와,O,a_jh-JTZ-WY
 ,O,a_jh-JTZ-WY
여행,O,a_jh-JTZ-WY
 ,O,a_jh-JTZ-WY
꿀팁까지,O,a_jh-JTZ-WY
 ,O,a_jh-JTZ-WY
다~,O,a_jh-JTZ-WY
 ,O,a_jh-JTZ-WY
들어,O,a_jh-JTZ-WY
 ,O,a_jh-JTZ-WY
있는,O,a_jh-JTZ-WY
ㅡㅡㅡ,ㅡㅡㅡ,a_jh-JTZ-WY
한국,O,a_jh-JTZ-WY
에,O,a_jh-JTZ-WY
 ,O,a_jh-JTZ-WY
있지,O,a_jh-JTZ-WY
 ,O,a_jh-JTZ-WY
in,O,a_jh-JTZ-WY
 ,O,a_jh-JTZ-WY
안동,B_LOC,a_jh-JTZ-WY
 ,O,a_jh-JTZ-WY
COMING,O,a_jh-JTZ-WY
 ,O,a_jh-JTZ-WY
SOON❤,O,a_jh-JTZ-WY
ㅡㅡㅡ,ㅡㅡㅡ,a_jh-JTZ-WY
[,O,a_jh-JTZ-WY
한국,O,a_jh-JTZ-WY
에,O,a_jh-JTZ-WY
 ,O,a_jh-JTZ-WY
있지,O,a_jh-JTZ-WY
 ,O,a_jh-JTZ-WY
공개일정],O,a_jh-JTZ-WY
ㅡㅡㅡ,ㅡㅡㅡ,a_jh-JTZ-WY
Ep.1,O,a_jh-JTZ-WY
 ,O,a_jh-JTZ-WY
-,O,a_jh-JTZ-WY
 ,O,a_jh-JTZ-WY
11월 26일(목),O,a_jh-JTZ-WY
 ,O,a_jh-JTZ-WY
18시,O,a_jh-JTZ-WY
ㅡㅡㅡ,ㅡㅡㅡ,a_jh-JTZ-WY
Ep.2,O,a_jh-JTZ-WY
 ,O,a_jh-JTZ-WY
-,O,a_jh-JTZ-WY
 ,O,a_jh-JTZ-WY
11월 27일(금),O,a_jh-JTZ-WY
 ,O,a_jh-JTZ-WY
18시,O,a_jh-JTZ-WY
ㅡㅡㅡ,ㅡㅡㅡ,a_jh-JTZ-WY
Special,O,a_jh-JTZ-WY
 ,O,a_jh-JTZ-WY
Episode,O,a_jh-JTZ-WY
 ,O,a_jh-JTZ-WY
-,O,a_jh-JTZ-WY
 ,O,a_jh-JTZ-WY
11월 28일(토),O,a_jh-JTZ-WY
 ,O,a_jh-JTZ-WY
18시,O,a_jh-JTZ-WY
ㅡㅡㅡ,ㅡㅡㅡ,a_jh-JTZ-WY
Watch,O,a_jh-JTZ-WY
 ,O,a_jh-JTZ-WY
on,O,a_jh-JTZ-WY
 ,O,a_jh-JTZ-WY
M2,O,a_jh-JTZ-WY
 ,O,a_jh-JTZ-WY
YouTube,O,a_jh-JTZ-WY
 ,O,a_jh-JTZ-WY
Channel,O,a_jh-JTZ-WY
ㅡㅡㅡ,ㅡㅡㅡ,a_jh-JTZ-WY
Stay,O,a_jh-JTZ-WY
 ,O,a_jh-JTZ-WY
tuned:,O,a_jh-JTZ-WY
 ,O,a_jh-JTZ-WY
November,O,a_jh-JTZ-WY
 ,O,a_jh-JTZ-WY
26-28,O,a_jh-JTZ-WY
 ,O,a_jh-JTZ-WY
6pm,O,a_jh-JTZ-WY
(,O,a_jh-JTZ-WY
KST,O,a_jh-JTZ-WY
),O,a_jh-JTZ-WY
ㅡㅡㅡ,ㅡㅡㅡ,a_jh-JTZ-WY
#,O,a_jh-JTZ-WY
한국,O,a_jh-JTZ-WY
에있지,O,a_jh-JTZ-WY
 ,O,a_jh-JTZ-WY
#,O,a_jh-JTZ-WY
ITZYinKorea,O,a_jh-JTZ-WY
 ,O,a_jh-JTZ-WY
#,O,a_jh-JTZ-WY
Ourheartsarealwaysopen,O,a_jh-JTZ-WY
ㅡㅡㅡ,ㅡㅡㅡ,a_jh-JTZ-WY
More,O,a_jh-JTZ-WY
 ,O,a_jh-JTZ-WY
from,O,a_jh-JTZ-WY
 ,O,a_jh-JTZ-WY
#,O,a_jh-JTZ-WY
M2,O,a_jh-JTZ-WY
?,O,a_jh-JTZ-WY
 ,O,a_jh-JTZ-WY
:D,O,a_jh-JTZ-WY
ㅡㅡㅡ,ㅡㅡㅡ,a_jh-JTZ-WY
Facebook,O,a_jh-JTZ-WY
:,O,a_jh-JTZ-WY
 ,O,a_jh-JTZ-WY
http,O,a_jh-JTZ-WY
s://,O,a_jh-JTZ-WY
www,O,a_jh-JTZ-WY
.facebook.com/,O,a_jh-JTZ-WY
MnetM2,O,a_jh-JTZ-WY
/,O,a_jh-JTZ-WY
ㅡㅡㅡ,ㅡㅡㅡ,a_jh-JTZ-WY
Twitter,O,a_jh-JTZ-WY
:,O,a_jh-JTZ-WY
 ,O,a_jh-JTZ-WY
https,O,a_jh-JTZ-WY
://,O,a_jh-JTZ-WY
twitter.com/M2MPD,O,a_jh-JTZ-WY
/,O,a_jh-JTZ-WY
ㅡㅡㅡ,ㅡㅡㅡ,a_jh-JTZ-WY
Instagram,O,a_jh-JTZ-WY
:,O,a_jh-JTZ-WY
 ,O,a_jh-JTZ-WY
http,O,a_jh-JTZ-WY
s://,O,a_jh-JTZ-WY
www,O,a_jh-JTZ-WY
.instagram.com/,O,a_jh-JTZ-WY
M2MPD,O,a_jh-JTZ-WY
/,O,a_jh-JTZ-WY
ㅡㅡㅡ,ㅡㅡㅡ,a_jh-JTZ-WY
TikTok,O,a_jh-JTZ-WY
:,O,a_jh-JTZ-WY
 ,O,a_jh-JTZ-WY
https,O,a_jh-JTZ-WY
://,O,a_jh-JTZ-WY
www,O,a_jh-JTZ-WY
.tiktok.com/@m2mpd,O,a_jh-JTZ-WY
ㅡㅡㅡ,ㅡㅡㅡ,ㅡㅡㅡ
헬로~,O,4ovyZFkKFV0
 ,O,4ovyZFkKFV0
오랜만에,O,4ovyZFkKFV0
 ,O,4ovyZFkKFV0
인사드리는,O,4ovyZFkKFV0
 ,O,4ovyZFkKFV0
류꽃이,O,4ovyZFkKFV0
에요!,O,4ovyZFkKFV0
ㅡㅡㅡ,ㅡㅡㅡ,4ovyZFkKFV0
제가,O,4ovyZFkKFV0
 ,O,4ovyZFkKFV0
요,O,4ovyZFkKFV0
 ,O,4ovyZFkKFV0
며칠,O,4ovyZFkKFV0
 ,O,4ovyZFkKFV0
동안,O,4ovyZFkKFV0
 ,O,4ovyZFkKFV0
영상,O,4ovyZFkKFV0
 ,O,4ovyZFkKFV0
업로드가,O,4ovyZFkKFV0
 ,O,4ovyZFkKFV0
많이,O,4ovyZFkKFV0
 ,O,4ovyZFkKFV0
늦어진,O,4ovyZFkKFV0
 ,O,4ovyZFkKFV0
거,O,4ovyZFkKFV0
 ,O,4ovyZFkKFV0
있죠?,O,4ovyZFkKFV0
 ,O,4ovyZFkKFV0
ㅎㅎ..,O,4ovyZFkKFV0
ㅡㅡㅡ,ㅡㅡㅡ,4ovyZFkKFV0
저의,O,4ovyZFkKFV0
 ,O,4ovyZFkKFV0
소소한,O,4ovyZFkKFV0
 ,O,4ovyZFkKFV0
일상을,O,4ovyZFkKFV0
 ,O,4ovyZFkKFV0
기다려주시는,O,4ovyZFkKFV0
 ,O,4ovyZFkKFV0
분들이,O,4ovyZFkKFV0
 ,O,4ovyZFkKFV0
많은,O,4ovyZFkKFV0
 ,O,4ovyZFkKFV0
것,O,4ovyZFkKFV0
 ,O,4ovyZFkKFV0
같아서,O,4ovyZFkKFV0
ㅡㅡㅡ,ㅡㅡㅡ,4ovyZFkKFV0
앞으로는,O,4ovyZFkKFV0
 ,O,4ovyZFkKFV0
더,O,4ovyZFkKFV0
 ,O,4ovyZFkKFV0
분발해볼,O,4ovyZFkKFV0
 ,O,4ovyZFkKFV0
예정이에요!!!!,O,4ovyZFkKFV0
ㅡㅡㅡ,ㅡㅡㅡ,4ovyZFkKFV0
제,O,4ovyZFkKFV0
 ,O,4ovyZFkKFV0
커버곡,O,4ovyZFkKFV0
 ,O,4ovyZFkKFV0
채널을,O,4ovyZFkKFV0
 ,O,4ovyZFkKFV0
기다려주시는,O,4ovyZFkKFV0
 ,O,4ovyZFkKFV0
분들에게도,O,4ovyZFkKFV0
 ,O,4ovyZFkKFV0
항상,O,4ovyZFkKFV0
 ,O,4ovyZFkKFV0
감사드립니당♥,O,4ovyZFkKFV0
ㅡㅡㅡ,ㅡㅡㅡ,4ovyZFkKFV0
I,O,4ovyZFkKFV0
nstagram,O,4ovyZFkKFV0
ㅡㅡㅡ,ㅡㅡㅡ,4ovyZFkKFV0
https://,O,4ovyZFkKFV0
www.instagram.com/rjiyeon,O,4ovyZFkKFV0
ㅡㅡㅡ,ㅡㅡㅡ,4ovyZFkKFV0
BGM,O,4ovyZFkKFV0
ㅡㅡㅡ,ㅡㅡㅡ,4ovyZFkKFV0
https://,O,4ovyZFkKFV0
soundcloud,O,4ovyZFkKFV0
.com/,O,4ovyZFkKFV0
lakeyinspired/Blossom,O,4ovyZFkKFV0
ㅡㅡㅡ,ㅡㅡㅡ,ㅡㅡㅡ
안녕하세요,O,OaCZjdYhTpw
 ,O,OaCZjdYhTpw
^^,O,OaCZjdYhTpw
ㅡㅡㅡ,ㅡㅡㅡ,OaCZjdYhTpw
사귀기,O,OaCZjdYhTpw
 ,O,OaCZjdYhTpw
전부터,O,OaCZjdYhTpw
 ,O,OaCZjdYhTpw
안동,B_LOC,OaCZjdYhTpw
~,O,OaCZjdYhTpw
 ,O,OaCZjdYhTpw
안동,B_LOC,OaCZjdYhTpw
~,O,OaCZjdYhTpw
 ,O,OaCZjdYhTpw
하면서,O,OaCZjdYhTpw
 ,O,OaCZjdYhTpw
노래를,O,OaCZjdYhTpw
 ,O,OaCZjdYhTpw
부르던,O,OaCZjdYhTpw
 ,O,OaCZjdYhTpw
아가타,O,OaCZjdYhTpw
!,O,OaCZjdYhTpw
ㅡㅡㅡ,ㅡㅡㅡ,OaCZjdYhTpw
결국,O,OaCZjdYhTpw
 ,O,OaCZjdYhTpw
제가,O,OaCZjdYhTpw
 ,O,OaCZjdYhTpw
1년만,O,OaCZjdYhTpw
에?,O,OaCZjdYhTpw
 ,O,OaCZjdYhTpw
약속을,O,OaCZjdYhTpw
 ,O,OaCZjdYhTpw
지킨?,O,OaCZjdYhTpw
 ,O,OaCZjdYhTpw
(우연히ㅋㅋ),O,OaCZjdYhTpw
ㅡㅡㅡ,ㅡㅡㅡ,OaCZjdYhTpw
안동,B_TOR,OaCZjdYhTpw
화회마을,I_TOR,OaCZjdYhTpw
을,O,OaCZjdYhTpw
 ,O,OaCZjdYhTpw
다녀왔습니다.,O,OaCZjdYhTpw
ㅡㅡㅡ,ㅡㅡㅡ,OaCZjdYhTpw
드론,O,OaCZjdYhTpw
을,O,OaCZjdYhTpw
 ,O,OaCZjdYhTpw
가져,O,OaCZjdYhTpw
 ,O,OaCZjdYhTpw
갔지만,O,OaCZjdYhTpw
 ,O,OaCZjdYhTpw
메모리카드,O,OaCZjdYhTpw
를,O,OaCZjdYhTpw
 ,O,OaCZjdYhTpw
서울,O,OaCZjdYhTpw
에,O,OaCZjdYhTpw
 ,O,OaCZjdYhTpw
두고,O,OaCZjdYhTpw
 ,O,OaCZjdYhTpw
내려갔다는,O,OaCZjdYhTpw
 ,O,OaCZjdYhTpw
ㅜㅜ,O,OaCZjdYhTpw
ㅡㅡㅡ,ㅡㅡㅡ,OaCZjdYhTpw
전,O,OaCZjdYhTpw
 ,O,OaCZjdYhTpw
정말,O,OaCZjdYhTpw
 ,O,OaCZjdYhTpw
멘붕!!!,O,OaCZjdYhTpw
 ,O,OaCZjdYhTpw
이었죠,O,OaCZjdYhTpw
 ,O,OaCZjdYhTpw
ㅜㅜ,O,OaCZjdYhTpw
ㅡㅡㅡ,ㅡㅡㅡ,OaCZjdYhTpw
하지만,O,OaCZjdYhTpw
 ,O,OaCZjdYhTpw
역시나,O,OaCZjdYhTpw
 ,O,OaCZjdYhTpw
매빅녀,O,OaCZjdYhTpw
석을,O,OaCZjdYhTpw
 ,O,OaCZjdYhTpw
잘,O,OaCZjdYhTpw
 ,O,OaCZjdYhTpw
만든것,O,OaCZjdYhTpw
 ,O,OaCZjdYhTpw
같아요,O,OaCZjdYhTpw
 ,O,OaCZjdYhTpw
~,O,OaCZjdYhTpw
ㅡㅡㅡ,ㅡㅡㅡ,OaCZjdYhTpw
이런경우에,O,OaCZjdYhTpw
 ,O,OaCZjdYhTpw
화질은,O,OaCZjdYhTpw
 ,O,OaCZjdYhTpw
조금,O,OaCZjdYhTpw
 ,O,OaCZjdYhTpw
떨어지지만,O,OaCZjdYhTpw
 ,O,OaCZjdYhTpw
아이폰,O,OaCZjdYhTpw
에,O,OaCZjdYhTpw
 ,O,OaCZjdYhTpw
저장을,O,OaCZjdYhTpw
 ,O,OaCZjdYhTpw
할수,O,OaCZjdYhTpw
 ,O,OaCZjdYhTpw
있었어요,O,OaCZjdYhTpw
 ,O,OaCZjdYhTpw
ㅋㅋ,O,OaCZjdYhTpw
ㅡㅡㅡ,ㅡㅡㅡ,OaCZjdYhTpw
그래서,O,OaCZjdYhTpw
 ,O,OaCZjdYhTpw
드론,O,OaCZjdYhTpw
영상도,O,OaCZjdYhTpw
 ,O,OaCZjdYhTpw
촬영할수,O,OaCZjdYhTpw
 ,O,OaCZjdYhTpw
있어서,O,OaCZjdYhTpw
 ,O,OaCZjdYhTpw
너무,O,OaCZjdYhTpw
 ,O,OaCZjdYhTpw
좋았습니다.,O,OaCZjdYhTpw
ㅡㅡㅡ,ㅡㅡㅡ,OaCZjdYhTpw
뮤직비디오,O,OaCZjdYhTpw
 ,O,OaCZjdYhTpw
촬영이,O,OaCZjdYhTpw
 ,O,OaCZjdYhTpw
끝났으니,O,OaCZjdYhTpw
 ,O,OaCZjdYhTpw
이젠,O,OaCZjdYhTpw
 ,O,OaCZjdYhTpw
일주일,O,OaCZjdYhTpw
에,O,OaCZjdYhTpw
 ,O,OaCZjdYhTpw
1개,O,OaCZjdYhTpw
 ,O,OaCZjdYhTpw
영상,O,OaCZjdYhTpw
 ,O,OaCZjdYhTpw
업로드를,O,OaCZjdYhTpw
 ,O,OaCZjdYhTpw
목표로,O,OaCZjdYhTpw
ㅡㅡㅡ,ㅡㅡㅡ,OaCZjdYhTpw
영상을,O,OaCZjdYhTpw
 ,O,OaCZjdYhTpw
올릴게요,O,OaCZjdYhTpw
 ,O,OaCZjdYhTpw
^^,O,OaCZjdYhTpw
ㅡㅡㅡ,ㅡㅡㅡ,OaCZjdYhTpw
One,O,OaCZjdYhTpw
 ,O,OaCZjdYhTpw
more,O,OaCZjdYhTpw
 ,O,OaCZjdYhTpw
video,O,OaCZjdYhTpw
 ,O,OaCZjdYhTpw
is,O,OaCZjdYhTpw
 ,O,OaCZjdYhTpw
up!,O,OaCZjdYhTpw
 ,O,OaCZjdYhTpw
This,O,OaCZjdYhTpw
 ,O,OaCZjdYhTpw
time,O,OaCZjdYhTpw
 ,O,OaCZjdYhTpw
we,O,OaCZjdYhTpw
 ,O,OaCZjdYhTpw
went,O,OaCZjdYhTpw
 ,O,OaCZjdYhTpw
to,O,OaCZjdYhTpw
 ,O,OaCZjdYhTpw
Andong Hahoe,O,OaCZjdYhTpw
 ,O,OaCZjdYhTpw
folk Village,O,OaCZjdYhTpw
.,O,OaCZjdYhTpw
 ,O,OaCZjdYhTpw
We,O,OaCZjdYhTpw
 ,O,OaCZjdYhTpw
were,O,OaCZjdYhTpw
 ,O,OaCZjdYhTpw
planning,O,OaCZjdYhTpw
 ,O,OaCZjdYhTpw
to,O,OaCZjdYhTpw
 ,O,OaCZjdYhTpw
go,O,OaCZjdYhTpw
 ,O,OaCZjdYhTpw
there,O,OaCZjdYhTpw
 ,O,OaCZjdYhTpw
for,O,OaCZjdYhTpw
 ,O,OaCZjdYhTpw
almost,O,OaCZjdYhTpw
 ,O,OaCZjdYhTpw
one,O,OaCZjdYhTpw
 ,O,OaCZjdYhTpw
month,O,OaCZjdYhTpw
 ,O,OaCZjdYhTpw
but,O,OaCZjdYhTpw
 ,O,OaCZjdYhTpw
always,O,OaCZjdYhTpw
 ,O,OaCZjdYhTpw
found,O,OaCZjdYhTpw
 ,O,OaCZjdYhTpw
an,O,OaCZjdYhTpw
 ,O,OaCZjdYhTpw
excuse,O,OaCZjdYhTpw
 ,O,OaCZjdYhTpw
not,O,OaCZjdYhTpw
 ,O,OaCZjdYhTpw
to.,O,OaCZjdYhTpw
 ,O,OaCZjdYhTpw
Last,O,OaCZjdYhTpw
 ,O,OaCZjdYhTpw
time,O,OaCZjdYhTpw
 ,O,OaCZjdYhTpw
we,O,OaCZjdYhTpw
 ,O,OaCZjdYhTpw
went,O,OaCZjdYhTpw
 ,O,OaCZjdYhTpw
to,O,OaCZjdYhTpw
 ,O,OaCZjdYhTpw
Gyu,O,OaCZjdYhTpw
's,O,OaCZjdYhTpw
 ,O,OaCZjdYhTpw
"hometown,",O,OaCZjdYhTpw
 ,O,OaCZjdYhTpw
we,O,OaCZjdYhTpw
 ,O,OaCZjdYhTpw
had,O,OaCZjdYhTpw
 ,O,OaCZjdYhTpw
some,O,OaCZjdYhTpw
 ,O,OaCZjdYhTpw
free,O,OaCZjdYhTpw
 ,O,OaCZjdYhTpw
time,O,OaCZjdYhTpw
 ,O,OaCZjdYhTpw
and,O,OaCZjdYhTpw
 ,O,OaCZjdYhTpw
decided,O,OaCZjdYhTpw
 ,O,OaCZjdYhTpw
to,O,OaCZjdYhTpw
 ,O,OaCZjdYhTpw
visit,O,OaCZjdYhTpw
 ,O,OaCZjdYhTpw
it,O,OaCZjdYhTpw
 ,O,OaCZjdYhTpw
finally.,O,OaCZjdYhTpw
 ,O,OaCZjdYhTpw
Our,O,OaCZjdYhTpw
 ,O,OaCZjdYhTpw
lovely,O,OaCZjdYhTpw
 ,O,OaCZjdYhTpw
guide,O,OaCZjdYhTpw
 ,O,OaCZjdYhTpw
Jiyeong,O,OaCZjdYhTpw
 ,O,OaCZjdYhTpw
was,O,OaCZjdYhTpw
 ,O,OaCZjdYhTpw
also,O,OaCZjdYhTpw
 ,O,OaCZjdYhTpw
"there,",O,OaCZjdYhTpw
 ,O,OaCZjdYhTpw
so,O,OaCZjdYhTpw
 ,O,OaCZjdYhTpw
we,O,OaCZjdYhTpw
 ,O,OaCZjdYhTpw
had,O,OaCZjdYhTpw
 ,O,OaCZjdYhTpw
even,O,OaCZjdYhTpw
 ,O,OaCZjdYhTpw
more,O,OaCZjdYhTpw
 ,O,OaCZjdYhTpw
fun.,O,OaCZjdYhTpw
ㅡㅡㅡ,ㅡㅡㅡ,OaCZjdYhTpw
The,O,OaCZjdYhTpw
 ,O,OaCZjdYhTpw
funny,O,OaCZjdYhTpw
 ,O,OaCZjdYhTpw
part,O,OaCZjdYhTpw
 ,O,OaCZjdYhTpw
is,O,OaCZjdYhTpw
 ,O,OaCZjdYhTpw
that,O,OaCZjdYhTpw
 ,O,OaCZjdYhTpw
we,O,OaCZjdYhTpw
 ,O,OaCZjdYhTpw
brought,O,OaCZjdYhTpw
 ,O,OaCZjdYhTpw
our,O,OaCZjdYhTpw
 ,O,OaCZjdYhTpw
drone,O,OaCZjdYhTpw
 ,O,OaCZjdYhTpw
as,O,OaCZjdYhTpw
 ,O,OaCZjdYhTpw
"well,",O,OaCZjdYhTpw
 ,O,OaCZjdYhTpw
but,O,OaCZjdYhTpw
 ,O,OaCZjdYhTpw
Gyu,O,OaCZjdYhTpw
 ,O,OaCZjdYhTpw
forgot,O,OaCZjdYhTpw
 ,O,OaCZjdYhTpw
to,O,OaCZjdYhTpw
 ,O,OaCZjdYhTpw
put,O,OaCZjdYhTpw
 ,O,OaCZjdYhTpw
the,O,OaCZjdYhTpw
 ,O,OaCZjdYhTpw
memory,O,OaCZjdYhTpw
 ,O,OaCZjdYhTpw
card,O,OaCZjdYhTpw
 ,O,OaCZjdYhTpw
in,O,OaCZjdYhTpw
 ,O,OaCZjdYhTpw
:D,O,OaCZjdYhTpw
 ,O,OaCZjdYhTpw
"Luckily,",O,OaCZjdYhTpw
 ,O,OaCZjdYhTpw
it,O,OaCZjdYhTpw
 ,O,OaCZjdYhTpw
was,O,OaCZjdYhTpw
 ,O,OaCZjdYhTpw
possible,O,OaCZjdYhTpw
 ,O,OaCZjdYhTpw
to,O,OaCZjdYhTpw
 ,O,OaCZjdYhTpw
save,O,OaCZjdYhTpw
 ,O,OaCZjdYhTpw
up,O,OaCZjdYhTpw
 ,O,OaCZjdYhTpw
some,O,OaCZjdYhTpw
 ,O,OaCZjdYhTpw
footage,O,OaCZjdYhTpw
 ,O,OaCZjdYhTpw
in,O,OaCZjdYhTpw
 ,O,OaCZjdYhTpw
his,O,OaCZjdYhTpw
 ,O,OaCZjdYhTpw
phone.,O,OaCZjdYhTpw
 ,O,OaCZjdYhTpw
Even,O,OaCZjdYhTpw
 ,O,OaCZjdYhTpw
though,O,OaCZjdYhTpw
 ,O,OaCZjdYhTpw
this,O,OaCZjdYhTpw
 ,O,OaCZjdYhTpw
trip,O,OaCZjdYhTpw
 ,O,OaCZjdYhTpw
was,O,OaCZjdYhTpw
 ,O,OaCZjdYhTpw
really,O,OaCZjdYhTpw
 ,O,OaCZjdYhTpw
simple,O,OaCZjdYhTpw
 ,O,OaCZjdYhTpw
and,O,OaCZjdYhTpw
 ,O,OaCZjdYhTpw
"relaxed,",O,OaCZjdYhTpw
 ,O,OaCZjdYhTpw
we,O,OaCZjdYhTpw
 ,O,OaCZjdYhTpw
managed,O,OaCZjdYhTpw
 ,O,OaCZjdYhTpw
to,O,OaCZjdYhTpw
 ,O,OaCZjdYhTpw
get,O,OaCZjdYhTpw
 ,O,OaCZjdYhTpw
some,O,OaCZjdYhTpw
 ,O,OaCZjdYhTpw
footage,O,OaCZjdYhTpw
 ,O,OaCZjdYhTpw
for,O,OaCZjdYhTpw
 ,O,OaCZjdYhTpw
the,O,OaCZjdYhTpw
 ,O,OaCZjdYhTpw
video,O,OaCZjdYhTpw
 ,O,OaCZjdYhTpw
as,O,OaCZjdYhTpw
 ,O,OaCZjdYhTpw
well.,O,OaCZjdYhTpw
ㅡㅡㅡ,ㅡㅡㅡ,OaCZjdYhTpw
Have,O,OaCZjdYhTpw
 ,O,OaCZjdYhTpw
you,O,OaCZjdYhTpw
 ,O,OaCZjdYhTpw
ever,O,OaCZjdYhTpw
 ,O,OaCZjdYhTpw
been,O,OaCZjdYhTpw
 ,O,OaCZjdYhTpw
to,O,OaCZjdYhTpw
 ,O,OaCZjdYhTpw
Andong?,O,OaCZjdYhTpw
 ,O,OaCZjdYhTpw
Did,O,OaCZjdYhTpw
 ,O,OaCZjdYhTpw
you,O,OaCZjdYhTpw
 ,O,OaCZjdYhTpw
like,O,OaCZjdYhTpw
 ,O,OaCZjdYhTpw
it?,O,OaCZjdYhTpw
ㅡㅡㅡ,ㅡㅡㅡ,OaCZjdYhTpw
What,O,OaCZjdYhTpw
 ,O,OaCZjdYhTpw
was,O,OaCZjdYhTpw
 ,O,OaCZjdYhTpw
your,O,OaCZjdYhTpw
 ,O,OaCZjdYhTpw
favorite,O,OaCZjdYhTpw
 ,O,OaCZjdYhTpw
part?,O,OaCZjdYhTpw
ㅡㅡㅡ,ㅡㅡㅡ,OaCZjdYhTpw
If,O,OaCZjdYhTpw
 ,O,OaCZjdYhTpw
you,O,OaCZjdYhTpw
 ,O,OaCZjdYhTpw
like,O,OaCZjdYhTpw
 ,O,OaCZjdYhTpw
this,O,OaCZjdYhTpw
 ,O,OaCZjdYhTpw
video,O,OaCZjdYhTpw
 ,O,OaCZjdYhTpw
please,O,OaCZjdYhTpw
 ,O,OaCZjdYhTpw
leave,O,OaCZjdYhTpw
 ,O,OaCZjdYhTpw
us,O,OaCZjdYhTpw
 ,O,OaCZjdYhTpw
a,O,OaCZjdYhTpw
 ,O,OaCZjdYhTpw
like,O,OaCZjdYhTpw
 ,O,OaCZjdYhTpw
and,O,OaCZjdYhTpw
 ,O,OaCZjdYhTpw
subscribe,O,OaCZjdYhTpw
 ,O,OaCZjdYhTpw
for,O,OaCZjdYhTpw
 ,O,OaCZjdYhTpw
more,O,OaCZjdYhTpw
 ,O,OaCZjdYhTpw
videos!,O,OaCZjdYhTpw
ㅡㅡㅡ,ㅡㅡㅡ,OaCZjdYhTpw
We,O,OaCZjdYhTpw
 ,O,OaCZjdYhTpw
would,O,OaCZjdYhTpw
 ,O,OaCZjdYhTpw
appreciate,O,OaCZjdYhTpw
 ,O,OaCZjdYhTpw
comments,O,OaCZjdYhTpw
 ,O,OaCZjdYhTpw
as,O,OaCZjdYhTpw
 ,O,OaCZjdYhTpw
well,O,OaCZjdYhTpw
 ,O,OaCZjdYhTpw
:),O,OaCZjdYhTpw
ㅡㅡㅡ,ㅡㅡㅡ,ㅡㅡㅡ
한옥마을 투어,O,FFQOs9gQeLI
 ,O,FFQOs9gQeLI
ep.02,O,FFQOs9gQeLI
 ,O,FFQOs9gQeLI
➡,O,FFQOs9gQeLI
 ,O,FFQOs9gQeLI
https://,O,FFQOs9gQeLI
youtu.be,O,FFQOs9gQeLI
/TrBZMiPexAU,O,FFQOs9gQeLI
ㅡㅡㅡ,ㅡㅡㅡ,FFQOs9gQeLI
한옥마을 투어 ep.03,O,FFQOs9gQeLI
 ,O,FFQOs9gQeLI
➡,O,FFQOs9gQeLI
 ,O,FFQOs9gQeLI
http,O,FFQOs9gQeLI
s://,O,FFQOs9gQeLI
youtu.be/JMgdRCvZmMQ,O,FFQOs9gQeLI
ㅡㅡㅡ,ㅡㅡㅡ,FFQOs9gQeLI
#,O,FFQOs9gQeLI
안동,B_LOC,FFQOs9gQeLI
 ,O,FFQOs9gQeLI
#,O,FFQOs9gQeLI
한옥마을,O,FFQOs9gQeLI
 ,O,FFQOs9gQeLI
#여행,O,FFQOs9gQeLI
ㅡㅡㅡ,ㅡㅡㅡ,ㅡㅡㅡ
국내,O,BAkI8Py8kQc
 ,O,BAkI8Py8kQc
곳곳,O,BAkI8Py8kQc
 ,O,BAkI8Py8kQc
시골여행,O,BAkI8Py8kQc
 ,O,BAkI8Py8kQc
다,O,BAkI8Py8kQc
 ,O,BAkI8Py8kQc
다니고,O,BAkI8Py8kQc
 ,O,BAkI8Py8kQc
싶은,O,BAkI8Py8kQc
 ,O,BAkI8Py8kQc
사람,O,BAkI8Py8kQc
 ,O,BAkI8Py8kQc
손,O,BAkI8Py8kQc
!,O,BAkI8Py8kQc
ㅡㅡㅡ,ㅡㅡㅡ,BAkI8Py8kQc
국내여행지,O,BAkI8Py8kQc
 ,O,BAkI8Py8kQc
추천,O,BAkI8Py8kQc
 ,O,BAkI8Py8kQc
댓글로,O,BAkI8Py8kQc
 ,O,BAkI8Py8kQc
알려주세요!,O,BAkI8Py8kQc
 ,O,BAkI8Py8kQc
:)),O,BAkI8Py8kQc
ㅡㅡㅡ,ㅡㅡㅡ,BAkI8Py8kQc
#브이로그,O,BAkI8Py8kQc
 ,O,BAkI8Py8kQc
#,O,BAkI8Py8kQc
안동,B_LOC,BAkI8Py8kQc
여행,O,BAkI8Py8kQc
 ,O,BAkI8Py8kQc
#국내여행,O,BAkI8Py8kQc
 ,O,BAkI8Py8kQc
#,O,BAkI8Py8kQc
ㅡㅡㅡ,ㅡㅡㅡ,BAkI8Py8kQc
camera,O,BAkI8Py8kQc
 ,O,BAkI8Py8kQc
:,O,BAkI8Py8kQc
 ,O,BAkI8Py8kQc
canon g7x mark2,O,BAkI8Py8kQc
ㅡㅡㅡ,ㅡㅡㅡ,BAkI8Py8kQc
Music,O,BAkI8Py8kQc
 ,O,BAkI8Py8kQc
:,O,BAkI8Py8kQc
 ,O,BAkI8Py8kQc
산책,O,BAkI8Py8kQc
 ,O,BAkI8Py8kQc
(Od,O,BAkI8Py8kQc
d,O,BAkI8Py8kQc
 ,O,BAkI8Py8kQc
tree,O,BAkI8Py8kQc
 ,O,BAkI8Py8kQc
오드트리,O,BAkI8Py8kQc
),O,BAkI8Py8kQc
ㅡㅡㅡ,ㅡㅡㅡ,ㅡㅡㅡ
이번,O,w-wJJbe7mAw
 ,O,w-wJJbe7mAw
영상도,O,w-wJJbe7mAw
 ,O,w-wJJbe7mAw
재밌게,O,w-wJJbe7mAw
 ,O,w-wJJbe7mAw
보셨다면,O,w-wJJbe7mAw
 ,O,w-wJJbe7mAw
좋아요,O,w-wJJbe7mAw
 ,O,w-wJJbe7mAw
구독하기,O,w-wJJbe7mAw
 ,O,w-wJJbe7mAw
꾸욱,O,w-wJJbe7mAw
ㅡㅡㅡ,ㅡㅡㅡ,w-wJJbe7mAw
Instagram,O,w-wJJbe7mAw
 ,O,w-wJJbe7mAw
-,O,w-wJJbe7mAw
 ,O,w-wJJbe7mAw
http://,O,w-wJJbe7mAw
www.instagram.com/cafe.dorothy,O,w-wJJbe7mAw
ㅡㅡㅡ,ㅡㅡㅡ,w-wJJbe7mAw
Music,O,w-wJJbe7mAw
 ,O,w-wJJbe7mAw
Provided,O,w-wJJbe7mAw
 ,O,w-wJJbe7mAw
by,O,w-wJJbe7mAw
 ,O,w-wJJbe7mAw
음악팀,O,w-wJJbe7mAw
 ,O,w-wJJbe7mAw
(,O,w-wJJbe7mAw
TeamMusicCreative,O,w-wJJbe7mAw
),O,w-wJJbe7mAw
ㅡㅡㅡ,ㅡㅡㅡ,w-wJJbe7mAw
Track,O,w-wJJbe7mAw
 ,O,w-wJJbe7mAw
:,O,w-wJJbe7mAw
 ,O,w-wJJbe7mAw
Pit-a-pat,O,w-wJJbe7mAw
 ,O,w-wJJbe7mAw
-,O,w-wJJbe7mAw
 ,O,w-wJJbe7mAw
h,O,w-wJJbe7mAw
ttps://,O,w-wJJbe7mAw
youtu.be/B8TArCS9OKE,O,w-wJJbe7mAw
ㅡㅡㅡ,ㅡㅡㅡ,w-wJJbe7mAw
Track,O,w-wJJbe7mAw
 ,O,w-wJJbe7mAw
:,O,w-wJJbe7mAw
 ,O,w-wJJbe7mAw
Someday,O,w-wJJbe7mAw
 ,O,w-wJJbe7mAw
-,O,w-wJJbe7mAw
 ,O,w-wJJbe7mAw
http,O,w-wJJbe7mAw
s://,O,w-wJJbe7mAw
youtu,O,w-wJJbe7mAw
.be/UfTeViIegH,O,w-wJJbe7mAw
s,O,w-wJJbe7mAw
ㅡㅡㅡ,ㅡㅡㅡ,w-wJJbe7mAw
Track,O,w-wJJbe7mAw
 ,O,w-wJJbe7mAw
:,O,w-wJJbe7mAw
 ,O,w-wJJbe7mAw
Tiptoe,O,w-wJJbe7mAw
 ,O,w-wJJbe7mAw
-,O,w-wJJbe7mAw
 ,O,w-wJJbe7mAw
https,O,w-wJJbe7mAw
://,O,w-wJJbe7mAw
youtu.be/DZrAWe9xCZ0,O,w-wJJbe7mAw
ㅡㅡㅡ,ㅡㅡㅡ,w-wJJbe7mAw
Track,O,w-wJJbe7mAw
 ,O,w-wJJbe7mAw
:,O,w-wJJbe7mAw
 ,O,w-wJJbe7mAw
LoveBlossomed,O,w-wJJbe7mAw
 ,O,w-wJJbe7mAw
-,O,w-wJJbe7mAw
 ,O,w-wJJbe7mAw
http,O,w-wJJbe7mAw
s://,O,w-wJJbe7mAw
youtu.be/Lk38dopP-_w,O,w-wJJbe7mAw
ㅡㅡㅡ,ㅡㅡㅡ,w-wJJbe7mAw
Track,O,w-wJJbe7mAw
 ,O,w-wJJbe7mAw
:,O,w-wJJbe7mAw
 ,O,w-wJJbe7mAw
The,O,w-wJJbe7mAw
 ,O,w-wJJbe7mAw
beginning,O,w-wJJbe7mAw
 ,O,w-wJJbe7mAw
of,O,w-wJJbe7mAw
 ,O,w-wJJbe7mAw
spring,O,w-wJJbe7mAw
 ,O,w-wJJbe7mAw
-,O,w-wJJbe7mAw
 ,O,w-wJJbe7mAw
https,O,w-wJJbe7mAw
://,O,w-wJJbe7mAw
youtu.be/-A4u0Qk8ILA,O,w-wJJbe7mAw
ㅡㅡㅡ,ㅡㅡㅡ,ㅡㅡㅡ
관광거점도시,O,-Z7SeTlaC0w
 ,O,-Z7SeTlaC0w
안동,B_LOC,-Z7SeTlaC0w
 ,O,-Z7SeTlaC0w
여행!,O,-Z7SeTlaC0w
 ,O,-Z7SeTlaC0w
전동차,O,-Z7SeTlaC0w
로,O,-Z7SeTlaC0w
 ,O,-Z7SeTlaC0w
편하게,O,-Z7SeTlaC0w
 ,O,-Z7SeTlaC0w
즐길,O,-Z7SeTlaC0w
 ,O,-Z7SeTlaC0w
수,O,-Z7SeTlaC0w
 ,O,-Z7SeTlaC0w
있는,O,-Z7SeTlaC0w
 ,O,-Z7SeTlaC0w
세계유산,O,-Z7SeTlaC0w
 ,O,-Z7SeTlaC0w
하회마을,B_TOR,-Z7SeTlaC0w
과,O,-Z7SeTlaC0w
 ,O,-Z7SeTlaC0w
하회별신굿탈놀이,O,-Z7SeTlaC0w
",",O,-Z7SeTlaC0w
 ,O,-Z7SeTlaC0w
',O,-Z7SeTlaC0w
한국의 서원,O,-Z7SeTlaC0w
'으로,O,-Z7SeTlaC0w
 ,O,-Z7SeTlaC0w
유네스코,O,-Z7SeTlaC0w
 ,O,-Z7SeTlaC0w
세계유산,O,-Z7SeTlaC0w
에,O,-Z7SeTlaC0w
 ,O,-Z7SeTlaC0w
선정,O,-Z7SeTlaC0w
 ,O,-Z7SeTlaC0w
된,O,-Z7SeTlaC0w
 ,O,-Z7SeTlaC0w
병산서원,B_TOR,-Z7SeTlaC0w
",",O,-Z7SeTlaC0w
 ,O,-Z7SeTlaC0w
옛,O,-Z7SeTlaC0w
 ,O,-Z7SeTlaC0w
선비,O,-Z7SeTlaC0w
들의,O,-Z7SeTlaC0w
 ,O,-Z7SeTlaC0w
지조를,O,-Z7SeTlaC0w
 ,O,-Z7SeTlaC0w
느낄,O,-Z7SeTlaC0w
 ,O,-Z7SeTlaC0w
수,O,-Z7SeTlaC0w
 ,O,-Z7SeTlaC0w
있는,O,-Z7SeTlaC0w
 ,O,-Z7SeTlaC0w
만휴정,B_TOR,-Z7SeTlaC0w
",",O,-Z7SeTlaC0w
 ,O,-Z7SeTlaC0w
숭고한,O,-Z7SeTlaC0w
 ,O,-Z7SeTlaC0w
사랑,O,-Z7SeTlaC0w
 ,O,-Z7SeTlaC0w
이야기가,O,-Z7SeTlaC0w
 ,O,-Z7SeTlaC0w
깃들어,O,-Z7SeTlaC0w
 ,O,-Z7SeTlaC0w
있는,O,-Z7SeTlaC0w
 ,O,-Z7SeTlaC0w
야경의,O,-Z7SeTlaC0w
 ,O,-Z7SeTlaC0w
명소,O,-Z7SeTlaC0w
 ,O,-Z7SeTlaC0w
월영교,B_TOR,-Z7SeTlaC0w
.,O,-Z7SeTlaC0w
 ,O,-Z7SeTlaC0w
그리고,O,-Z7SeTlaC0w
 ,O,-Z7SeTlaC0w
현지에서,O,-Z7SeTlaC0w
 ,O,-Z7SeTlaC0w
체험한,O,-Z7SeTlaC0w
 ,O,-Z7SeTlaC0w
안동,B_LOC,-Z7SeTlaC0w
의,O,-Z7SeTlaC0w
 ,O,-Z7SeTlaC0w
대표,O,-Z7SeTlaC0w
 ,O,-Z7SeTlaC0w
음식,O,-Z7SeTlaC0w
 ,O,-Z7SeTlaC0w
안동찜닭,O,-Z7SeTlaC0w
",",O,-Z7SeTlaC0w
 ,O,-Z7SeTlaC0w
그리고,O,-Z7SeTlaC0w
 ,O,-Z7SeTlaC0w
헛제사밥,O,-Z7SeTlaC0w
.,O,-Z7SeTlaC0w
ㅡㅡㅡ,ㅡㅡㅡ,-Z7SeTlaC0w
류성룡,O,-Z7SeTlaC0w
 ,O,-Z7SeTlaC0w
선생,O,-Z7SeTlaC0w
의,O,-Z7SeTlaC0w
 ,O,-Z7SeTlaC0w
징비록,O,-Z7SeTlaC0w
을,O,-Z7SeTlaC0w
 ,O,-Z7SeTlaC0w
만날,O,-Z7SeTlaC0w
 ,O,-Z7SeTlaC0w
수,O,-Z7SeTlaC0w
 ,O,-Z7SeTlaC0w
있는,O,-Z7SeTlaC0w
 ,O,-Z7SeTlaC0w
옥연정사,B_TOR,-Z7SeTlaC0w
",",O,-Z7SeTlaC0w
 ,O,-Z7SeTlaC0w
걷기만,O,-Z7SeTlaC0w
 ,O,-Z7SeTlaC0w
해도,O,-Z7SeTlaC0w
 ,O,-Z7SeTlaC0w
힐링이,O,-Z7SeTlaC0w
 ,O,-Z7SeTlaC0w
되는,O,-Z7SeTlaC0w
 ,O,-Z7SeTlaC0w
만송정,B_TOR,-Z7SeTlaC0w
의,O,-Z7SeTlaC0w
 ,O,-Z7SeTlaC0w
"산책로,",O,-Z7SeTlaC0w
 ,O,-Z7SeTlaC0w
하회마을,B_TOR,-Z7SeTlaC0w
을,O,-Z7SeTlaC0w
 ,O,-Z7SeTlaC0w
한,O,-Z7SeTlaC0w
 ,O,-Z7SeTlaC0w
눈에,O,-Z7SeTlaC0w
 ,O,-Z7SeTlaC0w
내려다볼,O,-Z7SeTlaC0w
 ,O,-Z7SeTlaC0w
수,O,-Z7SeTlaC0w
 ,O,-Z7SeTlaC0w
있는,O,-Z7SeTlaC0w
 ,O,-Z7SeTlaC0w
부용대,B_TOR,-Z7SeTlaC0w
",",O,-Z7SeTlaC0w
 ,O,-Z7SeTlaC0w
그리고,O,-Z7SeTlaC0w
 ,O,-Z7SeTlaC0w
연인,O,-Z7SeTlaC0w
과,O,-Z7SeTlaC0w
 ,O,-Z7SeTlaC0w
함께,O,-Z7SeTlaC0w
 ,O,-Z7SeTlaC0w
로맨틱한,O,-Z7SeTlaC0w
 ,O,-Z7SeTlaC0w
시간을,O,-Z7SeTlaC0w
 ,O,-Z7SeTlaC0w
보낼,O,-Z7SeTlaC0w
 ,O,-Z7SeTlaC0w
수,O,-Z7SeTlaC0w
 ,O,-Z7SeTlaC0w
있는,O,-Z7SeTlaC0w
 ,O,-Z7SeTlaC0w
월영교,B_TOR,-Z7SeTlaC0w
의,O,-Z7SeTlaC0w
 ,O,-Z7SeTlaC0w
데이트,O,-Z7SeTlaC0w
 ,O,-Z7SeTlaC0w
코스.,O,-Z7SeTlaC0w
ㅡㅡㅡ,ㅡㅡㅡ,-Z7SeTlaC0w
경상북도,O,-Z7SeTlaC0w
 ,O,-Z7SeTlaC0w
북부,O,-Z7SeTlaC0w
의,O,-Z7SeTlaC0w
 ,O,-Z7SeTlaC0w
고즈넉한,O,-Z7SeTlaC0w
 ,O,-Z7SeTlaC0w
유산과,O,-Z7SeTlaC0w
 ,O,-Z7SeTlaC0w
아름다운,O,-Z7SeTlaC0w
 ,O,-Z7SeTlaC0w
풍경을,O,-Z7SeTlaC0w
 ,O,-Z7SeTlaC0w
함께,O,-Z7SeTlaC0w
 ,O,-Z7SeTlaC0w
만나기,O,-Z7SeTlaC0w
 ,O,-Z7SeTlaC0w
위해,O,-Z7SeTlaC0w
 ,O,-Z7SeTlaC0w
가볼만한,O,-Z7SeTlaC0w
 ,O,-Z7SeTlaC0w
"곳,",O,-Z7SeTlaC0w
 ,O,-Z7SeTlaC0w
안동,B_LOC,-Z7SeTlaC0w
으로,O,-Z7SeTlaC0w
 ,O,-Z7SeTlaC0w
떠난,O,-Z7SeTlaC0w
 ,O,-Z7SeTlaC0w
역사,O,-Z7SeTlaC0w
 ,O,-Z7SeTlaC0w
문화,O,-Z7SeTlaC0w
 ,O,-Z7SeTlaC0w
여행,O,-Z7SeTlaC0w
 ,O,-Z7SeTlaC0w
브이로그.,O,-Z7SeTlaC0w
ㅡㅡㅡ,ㅡㅡㅡ,-Z7SeTlaC0w
#,O,-Z7SeTlaC0w
안동,B_LOC,-Z7SeTlaC0w
 ,O,-Z7SeTlaC0w
#세계유산,O,-Z7SeTlaC0w
 ,O,-Z7SeTlaC0w
#,O,-Z7SeTlaC0w
안동,B_LOC,-Z7SeTlaC0w
가볼만한곳,O,-Z7SeTlaC0w
ㅡㅡㅡ,ㅡㅡㅡ,-Z7SeTlaC0w
○,O,-Z7SeTlaC0w
 ,O,-Z7SeTlaC0w
마카다안동,O,-Z7SeTlaC0w
(,O,-Z7SeTlaC0w
안동시청,O,-Z7SeTlaC0w
),O,-Z7SeTlaC0w
 ,O,-Z7SeTlaC0w
-,O,-Z7SeTlaC0w
 ,O,-Z7SeTlaC0w
https,O,-Z7SeTlaC0w
://,O,-Z7SeTlaC0w
www.youtube.com/channel/UCbdBIZiwlOl8lkvkrEaHGNQ,O,-Z7SeTlaC0w
ㅡㅡㅡ,ㅡㅡㅡ,-Z7SeTlaC0w
○,O,-Z7SeTlaC0w
 ,O,-Z7SeTlaC0w
안동,B_LOC,-Z7SeTlaC0w
관광,O,-Z7SeTlaC0w
 ,O,-Z7SeTlaC0w
-,O,-Z7SeTlaC0w
 ,O,-Z7SeTlaC0w
http,O,-Z7SeTlaC0w
://,O,-Z7SeTlaC0w
www.tourandong.com/public,O,-Z7SeTlaC0w
/,O,-Z7SeTlaC0w
ㅡㅡㅡ,ㅡㅡㅡ,-Z7SeTlaC0w
Andong Travel VLOG,O,-Z7SeTlaC0w
 ,O,-Z7SeTlaC0w
in,O,-Z7SeTlaC0w
 ,O,-Z7SeTlaC0w
Korea,O,-Z7SeTlaC0w
 ,O,-Z7SeTlaC0w
:,O,-Z7SeTlaC0w
 ,O,-Z7SeTlaC0w
Hahoe Folk Village,O,-Z7SeTlaC0w
",",O,-Z7SeTlaC0w
 ,O,-Z7SeTlaC0w
Byeongsan-seowon Confucian Academy,O,-Z7SeTlaC0w
",",O,-Z7SeTlaC0w
 ,O,-Z7SeTlaC0w
Andong,O,-Z7SeTlaC0w
 ,O,-Z7SeTlaC0w
braised,O,-Z7SeTlaC0w
 ,O,-Z7SeTlaC0w
chicken,O,-Z7SeTlaC0w
 ,O,-Z7SeTlaC0w
(,O,-Z7SeTlaC0w
Jjimdak,O,-Z7SeTlaC0w
),O,-Z7SeTlaC0w
 ,O,-Z7SeTlaC0w
in,O,-Z7SeTlaC0w
 ,O,-Z7SeTlaC0w
Andong Gu Market,O,-Z7SeTlaC0w
",",O,-Z7SeTlaC0w
 ,O,-Z7SeTlaC0w
Andong City Hall,O,-Z7SeTlaC0w
",",O,-Z7SeTlaC0w
 ,O,-Z7SeTlaC0w
Manhyujeong Pavilion,O,-Z7SeTlaC0w
",",O,-Z7SeTlaC0w
 ,O,-Z7SeTlaC0w
Hut Jesa Bab,O,-Z7SeTlaC0w
",",O,-Z7SeTlaC0w
 ,O,-Z7SeTlaC0w
and,O,-Z7SeTlaC0w
 ,O,-Z7SeTlaC0w
Wolyeong Bridge,O,-Z7SeTlaC0w
.,O,-Z7SeTlaC0w
ㅡㅡㅡ,ㅡㅡㅡ,-Z7SeTlaC0w
※,O,-Z7SeTlaC0w
 ,O,-Z7SeTlaC0w
"English,",O,-Z7SeTlaC0w
 ,O,-Z7SeTlaC0w
"Spanish,",O,-Z7SeTlaC0w
 ,O,-Z7SeTlaC0w
"Portuguese,",O,-Z7SeTlaC0w
 ,O,-Z7SeTlaC0w
"German,",O,-Z7SeTlaC0w
 ,O,-Z7SeTlaC0w
"Russian,",O,-Z7SeTlaC0w
 ,O,-Z7SeTlaC0w
"French,",O,-Z7SeTlaC0w
 ,O,-Z7SeTlaC0w
"Turkish,",O,-Z7SeTlaC0w
 ,O,-Z7SeTlaC0w
"Vietnamese,",O,-Z7SeTlaC0w
 ,O,-Z7SeTlaC0w
I,O,-Z7SeTlaC0w
"ndonesian,",O,-Z7SeTlaC0w
 ,O,-Z7SeTlaC0w
"Thai,",O,-Z7SeTlaC0w
 ,O,-Z7SeTlaC0w
A,O,-Z7SeTlaC0w
"rabian,",O,-Z7SeTlaC0w
 ,O,-Z7SeTlaC0w
"Hindi,",O,-Z7SeTlaC0w
 ,O,-Z7SeTlaC0w
I,O,-Z7SeTlaC0w
talia,O,-Z7SeTlaC0w
"n,",O,-Z7SeTlaC0w
 ,O,-Z7SeTlaC0w
"Kazakh,",O,-Z7SeTlaC0w
 ,O,-Z7SeTlaC0w
Greek,O,-Z7SeTlaC0w
 ,O,-Z7SeTlaC0w
:,O,-Z7SeTlaC0w
 ,O,-Z7SeTlaC0w
15,O,-Z7SeTlaC0w
 ,O,-Z7SeTlaC0w
languages,O,-Z7SeTlaC0w
 ,O,-Z7SeTlaC0w
subtitles,O,-Z7SeTlaC0w
 ,O,-Z7SeTlaC0w
are,O,-Z7SeTlaC0w
 ,O,-Z7SeTlaC0w
available!,O,-Z7SeTlaC0w
 ,O,-Z7SeTlaC0w
For,O,-Z7SeTlaC0w
 ,O,-Z7SeTlaC0w
these,O,-Z7SeTlaC0w
 ,O,-Z7SeTlaC0w
"subtitles,",O,-Z7SeTlaC0w
 ,O,-Z7SeTlaC0w
click,O,-Z7SeTlaC0w
 ,O,-Z7SeTlaC0w
CC,O,-Z7SeTlaC0w
 ,O,-Z7SeTlaC0w
button,O,-Z7SeTlaC0w
 ,O,-Z7SeTlaC0w
-,O,-Z7SeTlaC0w
 ,O,-Z7SeTlaC0w
'setting',O,-Z7SeTlaC0w
 ,O,-Z7SeTlaC0w
on,O,-Z7SeTlaC0w
 ,O,-Z7SeTlaC0w
PC,O,-Z7SeTlaC0w
 ,O,-Z7SeTlaC0w
/,O,-Z7SeTlaC0w
 ,O,-Z7SeTlaC0w
3,O,-Z7SeTlaC0w
 ,O,-Z7SeTlaC0w
dots,O,-Z7SeTlaC0w
 ,O,-Z7SeTlaC0w
on,O,-Z7SeTlaC0w
 ,O,-Z7SeTlaC0w
mobile,O,-Z7SeTlaC0w
 ,O,-Z7SeTlaC0w
-,O,-Z7SeTlaC0w
 ,O,-Z7SeTlaC0w
please!,O,-Z7SeTlaC0w
ㅡㅡㅡ,ㅡㅡㅡ,-Z7SeTlaC0w
&,O,-Z7SeTlaC0w
 ,O,-Z7SeTlaC0w
You,O,-Z7SeTlaC0w
 ,O,-Z7SeTlaC0w
can,O,-Z7SeTlaC0w
 ,O,-Z7SeTlaC0w
participate,O,-Z7SeTlaC0w
 ,O,-Z7SeTlaC0w
in,O,-Z7SeTlaC0w
 ,O,-Z7SeTlaC0w
adding,O,-Z7SeTlaC0w
 ,O,-Z7SeTlaC0w
and,O,-Z7SeTlaC0w
 ,O,-Z7SeTlaC0w
modifying,O,-Z7SeTlaC0w
 ,O,-Z7SeTlaC0w
subtitles!,O,-Z7SeTlaC0w
 ,O,-Z7SeTlaC0w
:,O,-Z7SeTlaC0w
 ,O,-Z7SeTlaC0w
http://goo.gl/LNaiC2,O,-Z7SeTlaC0w
ㅡㅡㅡ,ㅡㅡㅡ,ㅡㅡㅡ
Please,O,c7Y6xhGq6dM
 ,O,c7Y6xhGq6dM
turn,O,c7Y6xhGq6dM
 ,O,c7Y6xhGq6dM
on,O,c7Y6xhGq6dM
 ,O,c7Y6xhGq6dM
the,O,c7Y6xhGq6dM
 ,O,c7Y6xhGq6dM
caption,O,c7Y6xhGq6dM
 ,O,c7Y6xhGq6dM
in,O,c7Y6xhGq6dM
 ,O,c7Y6xhGq6dM
the,O,c7Y6xhGq6dM
 ,O,c7Y6xhGq6dM
video,O,c7Y6xhGq6dM
 ,O,c7Y6xhGq6dM
settings,O,c7Y6xhGq6dM
ㅡㅡㅡ,ㅡㅡㅡ,c7Y6xhGq6dM
♣구독과,O,c7Y6xhGq6dM
 ,O,c7Y6xhGq6dM
♥좋아요는,O,c7Y6xhGq6dM
 ,O,c7Y6xhGq6dM
힘이,O,c7Y6xhGq6dM
 ,O,c7Y6xhGq6dM
됩니다,O,c7Y6xhGq6dM
ㅡㅡㅡ,ㅡㅡㅡ,c7Y6xhGq6dM
--------------------------------------------------,O,c7Y6xhGq6dM
ㅡㅡㅡ,ㅡㅡㅡ,c7Y6xhGq6dM
"안녕하세요,",O,c7Y6xhGq6dM
 ,O,c7Y6xhGq6dM
여행하는,O,c7Y6xhGq6dM
 ,O,c7Y6xhGq6dM
핑초,O,c7Y6xhGq6dM
입니다,O,c7Y6xhGq6dM
ㅡㅡㅡ,ㅡㅡㅡ,c7Y6xhGq6dM
경상북도,O,c7Y6xhGq6dM
 ,O,c7Y6xhGq6dM
안동,B_LOC,c7Y6xhGq6dM
 ,O,c7Y6xhGq6dM
비밀의,O,c7Y6xhGq6dM
 ,O,c7Y6xhGq6dM
숲이라,O,c7Y6xhGq6dM
 ,O,c7Y6xhGq6dM
불리는,O,c7Y6xhGq6dM
 ,O,c7Y6xhGq6dM
낙강물길공원,B_TOR,c7Y6xhGq6dM
에서,O,c7Y6xhGq6dM
 ,O,c7Y6xhGq6dM
후지필름,O,c7Y6xhGq6dM
 ,O,c7Y6xhGq6dM
XT3 이터,O,c7Y6xhGq6dM
나,O,c7Y6xhGq6dM
 ,O,c7Y6xhGq6dM
필름시뮬레이션으로,O,c7Y6xhGq6dM
 ,O,c7Y6xhGq6dM
브이로그를,O,c7Y6xhGq6dM
 ,O,c7Y6xhGq6dM
담아봤습니다.,O,c7Y6xhGq6dM
ㅡㅡㅡ,ㅡㅡㅡ,c7Y6xhGq6dM
매주,O,c7Y6xhGq6dM
 ,O,c7Y6xhGq6dM
금요일,O,c7Y6xhGq6dM
 ,O,c7Y6xhGq6dM
저녁 8시 45분,O,c7Y6xhGq6dM
에,O,c7Y6xhGq6dM
 ,O,c7Y6xhGq6dM
영상이,O,c7Y6xhGq6dM
 ,O,c7Y6xhGq6dM
올라갈,O,c7Y6xhGq6dM
 ,O,c7Y6xhGq6dM
예정입니다.,O,c7Y6xhGq6dM
ㅡㅡㅡ,ㅡㅡㅡ,c7Y6xhGq6dM
(,O,c7Y6xhGq6dM
오늘,O,c7Y6xhGq6dM
은,O,c7Y6xhGq6dM
 ,O,c7Y6xhGq6dM
조금,O,c7Y6xhGq6dM
 ,O,c7Y6xhGq6dM
늦었네요),O,c7Y6xhGq6dM
ㅡㅡㅡ,ㅡㅡㅡ,c7Y6xhGq6dM
저의,O,c7Y6xhGq6dM
 ,O,c7Y6xhGq6dM
여행,O,c7Y6xhGq6dM
 ,O,c7Y6xhGq6dM
친구,O,c7Y6xhGq6dM
가,O,c7Y6xhGq6dM
 ,O,c7Y6xhGq6dM
되어주세요.,O,c7Y6xhGq6dM
ㅡㅡㅡ,ㅡㅡㅡ,c7Y6xhGq6dM
Camera,O,c7Y6xhGq6dM
 ,O,c7Y6xhGq6dM
-,O,c7Y6xhGq6dM
 ,O,c7Y6xhGq6dM
후지필름,O,c7Y6xhGq6dM
 ,O,c7Y6xhGq6dM
x-t3,O,c7Y6xhGq6dM
ㅡㅡㅡ,ㅡㅡㅡ,c7Y6xhGq6dM
music,O,c7Y6xhGq6dM
 ,O,c7Y6xhGq6dM
-,O,c7Y6xhGq6dM
 ,O,c7Y6xhGq6dM
https://,O,c7Y6xhGq6dM
artlist.io/pinkcho-317389,O,c7Y6xhGq6dM
ㅡㅡㅡ,ㅡㅡㅡ,c7Y6xhGq6dM
(유료음원,O,c7Y6xhGq6dM
 ,O,c7Y6xhGq6dM
사이트로,O,c7Y6xhGq6dM
 ,O,c7Y6xhGq6dM
위,O,c7Y6xhGq6dM
 ,O,c7Y6xhGq6dM
링크의,O,c7Y6xhGq6dM
 ,O,c7Y6xhGq6dM
추천인코드를,O,c7Y6xhGq6dM
 ,O,c7Y6xhGq6dM
통해,O,c7Y6xhGq6dM
 ,O,c7Y6xhGq6dM
가입하면,O,c7Y6xhGq6dM
 ,O,c7Y6xhGq6dM
구독기간이,O,c7Y6xhGq6dM
 ,O,c7Y6xhGq6dM
2달,O,c7Y6xhGq6dM
 ,O,c7Y6xhGq6dM
추가됩니다),O,c7Y6xhGq6dM
ㅡㅡㅡ,ㅡㅡㅡ,c7Y6xhGq6dM
촬영,O,c7Y6xhGq6dM
 ,O,c7Y6xhGq6dM
/,O,c7Y6xhGq6dM
 ,O,c7Y6xhGq6dM
편집,O,c7Y6xhGq6dM
 ,O,c7Y6xhGq6dM
:,O,c7Y6xhGq6dM
 ,O,c7Y6xhGq6dM
여행하는,O,c7Y6xhGq6dM
 ,O,c7Y6xhGq6dM
핑초,O,c7Y6xhGq6dM
ㅡㅡㅡ,ㅡㅡㅡ,c7Y6xhGq6dM
제작,O,c7Y6xhGq6dM
 ,O,c7Y6xhGq6dM
/,O,c7Y6xhGq6dM
 ,O,c7Y6xhGq6dM
문의,O,c7Y6xhGq6dM
 ,O,c7Y6xhGq6dM
:,O,c7Y6xhGq6dM
 ,O,c7Y6xhGq6dM
sangker,O,c7Y6xhGq6dM
@,O,c7Y6xhGq6dM
naver,O,c7Y6xhGq6dM
.com,O,c7Y6xhGq6dM
ㅡㅡㅡ,ㅡㅡㅡ,c7Y6xhGq6dM
*,O,c7Y6xhGq6dM
 ,O,c7Y6xhGq6dM
이,O,c7Y6xhGq6dM
 ,O,c7Y6xhGq6dM
영상의,O,c7Y6xhGq6dM
 ,O,c7Y6xhGq6dM
저작권,O,c7Y6xhGq6dM
은,O,c7Y6xhGq6dM
 ,O,c7Y6xhGq6dM
',O,c7Y6xhGq6dM
여행하는 핑초,O,c7Y6xhGq6dM
'에게,O,c7Y6xhGq6dM
 ,O,c7Y6xhGq6dM
"있으며,",O,c7Y6xhGq6dM
 ,O,c7Y6xhGq6dM
영상,O,c7Y6xhGq6dM
 ,O,c7Y6xhGq6dM
다운로드,O,c7Y6xhGq6dM
 ,O,c7Y6xhGq6dM
및,O,c7Y6xhGq6dM
 ,O,c7Y6xhGq6dM
2차,O,c7Y6xhGq6dM
 ,O,c7Y6xhGq6dM
"편집,",O,c7Y6xhGq6dM
 ,O,c7Y6xhGq6dM
무단,O,c7Y6xhGq6dM
 ,O,c7Y6xhGq6dM
업로드를,O,c7Y6xhGq6dM
 ,O,c7Y6xhGq6dM
금지합니다.,O,c7Y6xhGq6dM
 ,O,c7Y6xhGq6dM
영상을,O,c7Y6xhGq6dM
 ,O,c7Y6xhGq6dM
공유하실,O,c7Y6xhGq6dM
 ,O,c7Y6xhGq6dM
땐,O,c7Y6xhGq6dM
 ,O,c7Y6xhGq6dM
유튜브,O,c7Y6xhGq6dM
 ,O,c7Y6xhGq6dM
링크를,O,c7Y6xhGq6dM
 ,O,c7Y6xhGq6dM
사용해주세요,O,c7Y6xhGq6dM
ㅡㅡㅡ,ㅡㅡㅡ,c7Y6xhGq6dM
"Hello,",O,c7Y6xhGq6dM
 ,O,c7Y6xhGq6dM
this,O,c7Y6xhGq6dM
 ,O,c7Y6xhGq6dM
is,O,c7Y6xhGq6dM
 ,O,c7Y6xhGq6dM
Pinkcho Travel,O,c7Y6xhGq6dM
 ,O,c7Y6xhGq6dM
channel.,O,c7Y6xhGq6dM
ㅡㅡㅡ,ㅡㅡㅡ,c7Y6xhGq6dM
The,O,c7Y6xhGq6dM
 ,O,c7Y6xhGq6dM
video,O,c7Y6xhGq6dM
 ,O,c7Y6xhGq6dM
will,O,c7Y6xhGq6dM
 ,O,c7Y6xhGq6dM
be,O,c7Y6xhGq6dM
 ,O,c7Y6xhGq6dM
uploaded,O,c7Y6xhGq6dM
 ,O,c7Y6xhGq6dM
every,O,c7Y6xhGq6dM
 ,O,c7Y6xhGq6dM
Friday,O,c7Y6xhGq6dM
 ,O,c7Y6xhGq6dM
night,O,c7Y6xhGq6dM
 ,O,c7Y6xhGq6dM
at 8:45,O,c7Y6xhGq6dM
 ,O,c7Y6xhGq6dM
p.m.,O,c7Y6xhGq6dM
 ,O,c7Y6xhGq6dM
Please,O,c7Y6xhGq6dM
 ,O,c7Y6xhGq6dM
be,O,c7Y6xhGq6dM
 ,O,c7Y6xhGq6dM
my,O,c7Y6xhGq6dM
 ,O,c7Y6xhGq6dM
friend,O,c7Y6xhGq6dM
 ,O,c7Y6xhGq6dM
from,O,c7Y6xhGq6dM
 ,O,c7Y6xhGq6dM
now,O,c7Y6xhGq6dM
 ,O,c7Y6xhGq6dM
on.,O,c7Y6xhGq6dM
ㅡㅡㅡ,ㅡㅡㅡ,c7Y6xhGq6dM
Let's,O,c7Y6xhGq6dM
 ,O,c7Y6xhGq6dM
travel,O,c7Y6xhGq6dM
 ,O,c7Y6xhGq6dM
together,O,c7Y6xhGq6dM
 ,O,c7Y6xhGq6dM
to,O,c7Y6xhGq6dM
 ,O,c7Y6xhGq6dM
beautiful,O,c7Y6xhGq6dM
 ,O,c7Y6xhGq6dM
places,O,c7Y6xhGq6dM
 ,O,c7Y6xhGq6dM
in,O,c7Y6xhGq6dM
 ,O,c7Y6xhGq6dM
Korea,O,c7Y6xhGq6dM
 ,O,c7Y6xhGq6dM
through,O,c7Y6xhGq6dM
 ,O,c7Y6xhGq6dM
this,O,c7Y6xhGq6dM
 ,O,c7Y6xhGq6dM
channel,O,c7Y6xhGq6dM
 ,O,c7Y6xhGq6dM
next,O,c7Y6xhGq6dM
 ,O,c7Y6xhGq6dM
time.,O,c7Y6xhGq6dM
ㅡㅡㅡ,ㅡㅡㅡ,c7Y6xhGq6dM
It's,O,c7Y6xhGq6dM
 ,O,c7Y6xhGq6dM
a,O,c7Y6xhGq6dM
 ,O,c7Y6xhGq6dM
'Pinkcho,O,c7Y6xhGq6dM
 ,O,c7Y6xhGq6dM
travel',O,c7Y6xhGq6dM
ㅡㅡㅡ,ㅡㅡㅡ,c7Y6xhGq6dM
Copyright,O,c7Y6xhGq6dM
 ,O,c7Y6xhGq6dM
ⓒ,O,c7Y6xhGq6dM
 ,O,c7Y6xhGq6dM
2011,O,c7Y6xhGq6dM
 ,O,c7Y6xhGq6dM
by,O,c7Y6xhGq6dM
 ,O,c7Y6xhGq6dM
Pinkcho,O,c7Y6xhGq6dM
 ,O,c7Y6xhGq6dM
travel,O,c7Y6xhGq6dM
 ,O,c7Y6xhGq6dM
All,O,c7Y6xhGq6dM
 ,O,c7Y6xhGq6dM
rights,O,c7Y6xhGq6dM
 ,O,c7Y6xhGq6dM
reserved,O,c7Y6xhGq6dM
ㅡㅡㅡ,ㅡㅡㅡ,c7Y6xhGq6dM
*,O,c7Y6xhGq6dM
 ,O,c7Y6xhGq6dM
네이버,O,c7Y6xhGq6dM
인플루언서,O,c7Y6xhGq6dM
 ,O,c7Y6xhGq6dM
https://,O,c7Y6xhGq6dM
in.naver.com/catbus,O,c7Y6xhGq6dM
ㅡㅡㅡ,ㅡㅡㅡ,c7Y6xhGq6dM
*,O,c7Y6xhGq6dM
 ,O,c7Y6xhGq6dM
BLOG,O,c7Y6xhGq6dM
 ,O,c7Y6xhGq6dM
:,O,c7Y6xhGq6dM
 ,O,c7Y6xhGq6dM
https,O,c7Y6xhGq6dM
://,O,c7Y6xhGq6dM
blog.naver.com/rkdfurgkrp,O,c7Y6xhGq6dM
ㅡㅡㅡ,ㅡㅡㅡ,c7Y6xhGq6dM
*,O,c7Y6xhGq6dM
 ,O,c7Y6xhGq6dM
INSTAGRAM,O,c7Y6xhGq6dM
 ,O,c7Y6xhGq6dM
:,O,c7Y6xhGq6dM
 ,O,c7Y6xhGq6dM
http,O,c7Y6xhGq6dM
s://,O,c7Y6xhGq6dM
www,O,c7Y6xhGq6dM
.instagram.com/i_catbus,O,c7Y6xhGq6dM
ㅡㅡㅡ,ㅡㅡㅡ,ㅡㅡㅡ
안녕하세요,O,O9UXOGU70Z0
 ,O,O9UXOGU70Z0
임보통,O,O9UXOGU70Z0
입니다,O,O9UXOGU70Z0
ㅡㅡㅡ,ㅡㅡㅡ,O9UXOGU70Z0
내일,O,O9UXOGU70Z0
로,O,O9UXOGU70Z0
 ,O,O9UXOGU70Z0
둘째 날,O,O9UXOGU70Z0
 ,O,O9UXOGU70Z0
안동,B_LOC,O9UXOGU70Z0
 ,O,O9UXOGU70Z0
편입니다,O,O9UXOGU70Z0
ㅡㅡㅡ,ㅡㅡㅡ,O9UXOGU70Z0
정말,O,O9UXOGU70Z0
 ,O,O9UXOGU70Z0
아름다웠던,O,O9UXOGU70Z0
 ,O,O9UXOGU70Z0
풍경,O,O9UXOGU70Z0
 ,O,O9UXOGU70Z0
덕분에,O,O9UXOGU70Z0
 ,O,O9UXOGU70Z0
아직까지도,O,O9UXOGU70Z0
 ,O,O9UXOGU70Z0
선명하게,O,O9UXOGU70Z0
 ,O,O9UXOGU70Z0
남아있는,O,O9UXOGU70Z0
 ,O,O9UXOGU70Z0
곳이에요,O,O9UXOGU70Z0
ㅡㅡㅡ,ㅡㅡㅡ,O9UXOGU70Z0
보러,O,O9UXOGU70Z0
 ,O,O9UXOGU70Z0
와주신,O,O9UXOGU70Z0
 ,O,O9UXOGU70Z0
분들,O,O9UXOGU70Z0
 ,O,O9UXOGU70Z0
모두,O,O9UXOGU70Z0
 ,O,O9UXOGU70Z0
감사합니다!,O,O9UXOGU70Z0
ㅡㅡㅡ,ㅡㅡㅡ,ㅡㅡㅡ
허도령,O,GXEAWt7iuMI
과,O,GXEAWt7iuMI
 ,O,GXEAWt7iuMI
하회탈,O,GXEAWt7iuMI
 ,O,GXEAWt7iuMI
전설을,O,GXEAWt7iuMI
 ,O,GXEAWt7iuMI
들어보고,O,GXEAWt7iuMI
 ,O,GXEAWt7iuMI
세계유산,O,GXEAWt7iuMI
 ,O,GXEAWt7iuMI
하회마을,B_TOR,GXEAWt7iuMI
을,O,GXEAWt7iuMI
 ,O,GXEAWt7iuMI
탐방합니다.,O,GXEAWt7iuMI
ㅡㅡㅡ,ㅡㅡㅡ,GXEAWt7iuMI
하회마을,B_TOR,GXEAWt7iuMI
에서,O,GXEAWt7iuMI
 ,O,GXEAWt7iuMI
부용대,B_TOR,GXEAWt7iuMI
까지,O,GXEAWt7iuMI
 ,O,GXEAWt7iuMI
낙동강,B_TOR,GXEAWt7iuMI
을,O,GXEAWt7iuMI
 ,O,GXEAWt7iuMI
따라,O,GXEAWt7iuMI
 ,O,GXEAWt7iuMI
트레킹.,O,GXEAWt7iuMI
 ,O,GXEAWt7iuMI
부용대,B_TOR,GXEAWt7iuMI
에,O,GXEAWt7iuMI
 ,O,GXEAWt7iuMI
올라,O,GXEAWt7iuMI
 ,O,GXEAWt7iuMI
하회마을,B_TOR,GXEAWt7iuMI
을,O,GXEAWt7iuMI
 ,O,GXEAWt7iuMI
조망합니다.,O,GXEAWt7iuMI
 ,O,GXEAWt7iuMI
중년의,O,GXEAWt7iuMI
 ,O,GXEAWt7iuMI
구석구석,O,GXEAWt7iuMI
 ,O,GXEAWt7iuMI
"도보여행,",O,GXEAWt7iuMI
 ,O,GXEAWt7iuMI
안동,B_LOC,GXEAWt7iuMI
여행,O,GXEAWt7iuMI
 ,O,GXEAWt7iuMI
2탄,O,GXEAWt7iuMI
입니다.,O,GXEAWt7iuMI
 ,O,GXEAWt7iuMI
▼더보기,O,GXEAWt7iuMI
ㅡㅡㅡ,ㅡㅡㅡ,GXEAWt7iuMI
#트레킹포토에세이,O,GXEAWt7iuMI
 ,O,GXEAWt7iuMI
#중년의도보여행,O,GXEAWt7iuMI
 ,O,GXEAWt7iuMI
#,O,GXEAWt7iuMI
코리아트레킹,O,GXEAWt7iuMI
ㅡㅡㅡ,ㅡㅡㅡ,GXEAWt7iuMI
■,O,GXEAWt7iuMI
 ,O,GXEAWt7iuMI
영어,O,GXEAWt7iuMI
 ,O,GXEAWt7iuMI
자막은,O,GXEAWt7iuMI
 ,O,GXEAWt7iuMI
설정(CC)으로,O,GXEAWt7iuMI
 ,O,GXEAWt7iuMI
켜거나,O,GXEAWt7iuMI
 ,O,GXEAWt7iuMI
끌수,O,GXEAWt7iuMI
 ,O,GXEAWt7iuMI
있습니다,O,GXEAWt7iuMI
ㅡㅡㅡ,ㅡㅡㅡ,GXEAWt7iuMI
■,O,GXEAWt7iuMI
 ,O,GXEAWt7iuMI
자운영,O,GXEAWt7iuMI
의,O,GXEAWt7iuMI
 ,O,GXEAWt7iuMI
포토에세이,O,GXEAWt7iuMI
 ,O,GXEAWt7iuMI
구독하기,O,GXEAWt7iuMI
 ,O,GXEAWt7iuMI
:,O,GXEAWt7iuMI
 ,O,GXEAWt7iuMI
https,O,GXEAWt7iuMI
://bit,O,GXEAWt7iuMI
.ly/3d3MJ5T,O,GXEAWt7iuMI
ㅡㅡㅡ,ㅡㅡㅡ,GXEAWt7iuMI
■,O,GXEAWt7iuMI
 ,O,GXEAWt7iuMI
추천영상,O,GXEAWt7iuMI
ㅡㅡㅡ,ㅡㅡㅡ,GXEAWt7iuMI
-,O,GXEAWt7iuMI
 ,O,GXEAWt7iuMI
세계유산,O,GXEAWt7iuMI
 ,O,GXEAWt7iuMI
안동,B_LOC,GXEAWt7iuMI
 ,O,GXEAWt7iuMI
병산서원,B_TOR,GXEAWt7iuMI
에서,O,GXEAWt7iuMI
 ,O,GXEAWt7iuMI
하회마을,B_TOR,GXEAWt7iuMI
"까지,",O,GXEAWt7iuMI
 ,O,GXEAWt7iuMI
유교문화길,O,GXEAWt7iuMI
을,O,GXEAWt7iuMI
 ,O,GXEAWt7iuMI
걷다,O,GXEAWt7iuMI
 ,O,GXEAWt7iuMI
|,O,GXEAWt7iuMI
 ,O,GXEAWt7iuMI
트레킹,O,GXEAWt7iuMI
 ,O,GXEAWt7iuMI
포토에세이,O,GXEAWt7iuMI
 ,O,GXEAWt7iuMI
|,O,GXEAWt7iuMI
 ,O,GXEAWt7iuMI
:,O,GXEAWt7iuMI
 ,O,GXEAWt7iuMI
https:,O,GXEAWt7iuMI
//,O,GXEAWt7iuMI
youtu.be/GJAr7TwWtyE,O,GXEAWt7iuMI
ㅡㅡㅡ,ㅡㅡㅡ,GXEAWt7iuMI
-,O,GXEAWt7iuMI
 ,O,GXEAWt7iuMI
트레킹,O,GXEAWt7iuMI
 ,O,GXEAWt7iuMI
포토에세,O,GXEAWt7iuMI
"이,",O,GXEAWt7iuMI
 ,O,GXEAWt7iuMI
야생에서의,O,GXEAWt7iuMI
 ,O,GXEAWt7iuMI
하룻밤,O,GXEAWt7iuMI
 ,O,GXEAWt7iuMI
떠나볼까?,O,GXEAWt7iuMI
 ,O,GXEAWt7iuMI
:,O,GXEAWt7iuMI
 ,O,GXEAWt7iuMI
h,O,GXEAWt7iuMI
ttps://,O,GXEAWt7iuMI
youtu.be/xx5309akwj4,O,GXEAWt7iuMI
ㅡㅡㅡ,ㅡㅡㅡ,GXEAWt7iuMI
-,O,GXEAWt7iuMI
 ,O,GXEAWt7iuMI
트레킹,O,GXEAWt7iuMI
 ,O,GXEAWt7iuMI
포토에세이,O,GXEAWt7iuMI
",",O,GXEAWt7iuMI
 ,O,GXEAWt7iuMI
지상,O,GXEAWt7iuMI
 ,O,GXEAWt7iuMI
100M,O,GXEAWt7iuMI
",",O,GXEAWt7iuMI
 ,O,GXEAWt7iuMI
소금산,O,GXEAWt7iuMI
 ,O,GXEAWt7iuMI
출렁다리의,O,GXEAWt7iuMI
 ,O,GXEAWt7iuMI
아찔함,O,GXEAWt7iuMI
 ,O,GXEAWt7iuMI
:,O,GXEAWt7iuMI
 ,O,GXEAWt7iuMI
http,O,GXEAWt7iuMI
s://,O,GXEAWt7iuMI
youtu,O,GXEAWt7iuMI
.be/-Mm_Ujphr_w,O,GXEAWt7iuMI
ㅡㅡㅡ,ㅡㅡㅡ,GXEAWt7iuMI
■,O,GXEAWt7iuMI
 ,O,GXEAWt7iuMI
본문,O,GXEAWt7iuMI
 ,O,GXEAWt7iuMI
중에서,O,GXEAWt7iuMI
ㅡㅡㅡ,ㅡㅡㅡ,GXEAWt7iuMI
삼신당,O,GXEAWt7iuMI
 ,O,GXEAWt7iuMI
주변에,O,GXEAWt7iuMI
 ,O,GXEAWt7iuMI
새끼줄이,O,GXEAWt7iuMI
 ,O,GXEAWt7iuMI
둘러쳐져,O,GXEAWt7iuMI
 ,O,GXEAWt7iuMI
있고,O,GXEAWt7iuMI
ㅡㅡㅡ,ㅡㅡㅡ,GXEAWt7iuMI
소원을,O,GXEAWt7iuMI
 ,O,GXEAWt7iuMI
비는,O,GXEAWt7iuMI
 ,O,GXEAWt7iuMI
종이가,O,GXEAWt7iuMI
 ,O,GXEAWt7iuMI
빼곡하게,O,GXEAWt7iuMI
 ,O,GXEAWt7iuMI
달려,O,GXEAWt7iuMI
 ,O,GXEAWt7iuMI
있습니다,O,GXEAWt7iuMI
ㅡㅡㅡ,ㅡㅡㅡ,GXEAWt7iuMI
저도,O,GXEAWt7iuMI
 ,O,GXEAWt7iuMI
슬며시,O,GXEAWt7iuMI
 ,O,GXEAWt7iuMI
소원,O,GXEAWt7iuMI
 ,O,GXEAWt7iuMI
한 자락,O,GXEAWt7iuMI
 ,O,GXEAWt7iuMI
얹어,O,GXEAWt7iuMI
 ,O,GXEAWt7iuMI
봅니다.,O,GXEAWt7iuMI
ㅡㅡㅡ,ㅡㅡㅡ,GXEAWt7iuMI
돌아서,O,GXEAWt7iuMI
 ,O,GXEAWt7iuMI
나가려는데,O,GXEAWt7iuMI
 ,O,GXEAWt7iuMI
복채함이,O,GXEAWt7iuMI
 ,O,GXEAWt7iuMI
떡허니,O,GXEAWt7iuMI
 ,O,GXEAWt7iuMI
버티고,O,GXEAWt7iuMI
 ,O,GXEAWt7iuMI
있네요?,O,GXEAWt7iuMI
ㅡㅡㅡ,ㅡㅡㅡ,GXEAWt7iuMI
그냥,O,GXEAWt7iuMI
 ,O,GXEAWt7iuMI
갈,O,GXEAWt7iuMI
 ,O,GXEAWt7iuMI
수가,O,GXEAWt7iuMI
 ,O,GXEAWt7iuMI
없을,O,GXEAWt7iuMI
 ,O,GXEAWt7iuMI
것,O,GXEAWt7iuMI
 ,O,GXEAWt7iuMI
같습니다,O,GXEAWt7iuMI
ㅡㅡㅡ,ㅡㅡㅡ,GXEAWt7iuMI
주머니를,O,GXEAWt7iuMI
 ,O,GXEAWt7iuMI
뒤적여,O,GXEAWt7iuMI
 ,O,GXEAWt7iuMI
천 원,O,GXEAWt7iuMI
 ,O,GXEAWt7iuMI
한 장,O,GXEAWt7iuMI
을,O,GXEAWt7iuMI
 ,O,GXEAWt7iuMI
골라,O,GXEAWt7iuMI
 ,O,GXEAWt7iuMI
넣습니다.,O,GXEAWt7iuMI
ㅡㅡㅡ,ㅡㅡㅡ,GXEAWt7iuMI
소녀는,O,GXEAWt7iuMI
 ,O,GXEAWt7iuMI
아직,O,GXEAWt7iuMI
 ,O,GXEAWt7iuMI
적을,O,GXEAWt7iuMI
 ,O,GXEAWt7iuMI
소원이,O,GXEAWt7iuMI
 ,O,GXEAWt7iuMI
남았나,O,GXEAWt7iuMI
 ,O,GXEAWt7iuMI
봐요.,O,GXEAWt7iuMI
ㅡㅡㅡ,ㅡㅡㅡ,GXEAWt7iuMI
무얼,O,GXEAWt7iuMI
 ,O,GXEAWt7iuMI
적고,O,GXEAWt7iuMI
 ,O,GXEAWt7iuMI
있는,O,GXEAWt7iuMI
 ,O,GXEAWt7iuMI
걸까요?,O,GXEAWt7iuMI
 ,O,GXEAWt7iuMI
진지한,O,GXEAWt7iuMI
 ,O,GXEAWt7iuMI
모습입니다.,O,GXEAWt7iuMI
ㅡㅡㅡ,ㅡㅡㅡ,GXEAWt7iuMI
오랜,O,GXEAWt7iuMI
 ,O,GXEAWt7iuMI
"세월,",O,GXEAWt7iuMI
 ,O,GXEAWt7iuMI
이곳에서,O,GXEAWt7iuMI
 ,O,GXEAWt7iuMI
많은,O,GXEAWt7iuMI
 ,O,GXEAWt7iuMI
사람들의,O,GXEAWt7iuMI
 ,O,GXEAWt7iuMI
소원을,O,GXEAWt7iuMI
 ,O,GXEAWt7iuMI
들어주었을,O,GXEAWt7iuMI
ㅡㅡㅡ,ㅡㅡㅡ,GXEAWt7iuMI
당산나무,O,GXEAWt7iuMI
를,O,GXEAWt7iuMI
 ,O,GXEAWt7iuMI
뒤로,O,GXEAWt7iuMI
 ,O,GXEAWt7iuMI
하고,O,GXEAWt7iuMI
 ,O,GXEAWt7iuMI
골목을,O,GXEAWt7iuMI
 ,O,GXEAWt7iuMI
돌아,O,GXEAWt7iuMI
 ,O,GXEAWt7iuMI
나옵니다.,O,GXEAWt7iuMI
ㅡㅡㅡ,ㅡㅡㅡ,GXEAWt7iuMI
■,O,GXEAWt7iuMI
 ,O,GXEAWt7iuMI
채널,O,GXEAWt7iuMI
 ,O,GXEAWt7iuMI
소개,O,GXEAWt7iuMI
 ,O,GXEAWt7iuMI
_,O,GXEAWt7iuMI
 ,O,GXEAWt7iuMI
자운영,O,GXEAWt7iuMI
의,O,GXEAWt7iuMI
 ,O,GXEAWt7iuMI
포토에세이,O,GXEAWt7iuMI
",",O,GXEAWt7iuMI
 ,O,GXEAWt7iuMI
',O,GXEAWt7iuMI
 ,O,GXEAWt7iuMI
사진에,O,GXEAWt7iuMI
 ,O,GXEAWt7iuMI
마음을,O,GXEAWt7iuMI
 ,O,GXEAWt7iuMI
얹다,O,GXEAWt7iuMI
 ,O,GXEAWt7iuMI
',O,GXEAWt7iuMI
ㅡㅡㅡ,ㅡㅡㅡ,GXEAWt7iuMI
네이버,O,GXEAWt7iuMI
 ,O,GXEAWt7iuMI
사진,O,GXEAWt7iuMI
 ,O,GXEAWt7iuMI
블로거,O,GXEAWt7iuMI
 ,O,GXEAWt7iuMI
‘,O,GXEAWt7iuMI
햇살 가득한 들녘,O,GXEAWt7iuMI
’의,O,GXEAWt7iuMI
 ,O,GXEAWt7iuMI
자운영,O,GXEAWt7iuMI
이,O,GXEAWt7iuMI
 ,O,GXEAWt7iuMI
엮어,O,GXEAWt7iuMI
 ,O,GXEAWt7iuMI
내는,O,GXEAWt7iuMI
 ,O,GXEAWt7iuMI
사진과,O,GXEAWt7iuMI
 ,O,GXEAWt7iuMI
에세이,O,GXEAWt7iuMI
의,O,GXEAWt7iuMI
 ,O,GXEAWt7iuMI
"만남,",O,GXEAWt7iuMI
ㅡㅡㅡ,ㅡㅡㅡ,GXEAWt7iuMI
"감성포토에세이,",O,GXEAWt7iuMI
 ,O,GXEAWt7iuMI
"트래블포토에세이,",O,GXEAWt7iuMI
 ,O,GXEAWt7iuMI
트레킹포토에세이,O,GXEAWt7iuMI
 ,O,GXEAWt7iuMI
&,O,GXEAWt7iuMI
 ,O,GXEAWt7iuMI
힐링포토에세이,O,GXEAWt7iuMI
ㅡㅡㅡ,ㅡㅡㅡ,GXEAWt7iuMI
▶,O,GXEAWt7iuMI
 ,O,GXEAWt7iuMI
블로그,O,GXEAWt7iuMI
 ,O,GXEAWt7iuMI
:,O,GXEAWt7iuMI
 ,O,GXEAWt7iuMI
https:,O,GXEAWt7iuMI
//,O,GXEAWt7iuMI
blog.naver.com/mink223,O,GXEAWt7iuMI
ㅡㅡㅡ,ㅡㅡㅡ,GXEAWt7iuMI
▶,O,GXEAWt7iuMI
 ,O,GXEAWt7iuMI
페이스북,O,GXEAWt7iuMI
 ,O,GXEAWt7iuMI
:,O,GXEAWt7iuMI
 ,O,GXEAWt7iuMI
https,O,GXEAWt7iuMI
://,O,GXEAWt7iuMI
www.facebook.com/mink223,O,GXEAWt7iuMI
ㅡㅡㅡ,ㅡㅡㅡ,GXEAWt7iuMI
▶,O,GXEAWt7iuMI
 ,O,GXEAWt7iuMI
인스타그램,O,GXEAWt7iuMI
 ,O,GXEAWt7iuMI
:,O,GXEAWt7iuMI
 ,O,GXEAWt7iuMI
https:,O,GXEAWt7iuMI
//,O,GXEAWt7iuMI
www,O,GXEAWt7iuMI
.instagram.com/jawoonyoung_photo,O,GXEAWt7iuMI
/,O,GXEAWt7iuMI
ㅡㅡㅡ,ㅡㅡㅡ,GXEAWt7iuMI
▶,O,GXEAWt7iuMI
 ,O,GXEAWt7iuMI
메일,O,GXEAWt7iuMI
 ,O,GXEAWt7iuMI
:,O,GXEAWt7iuMI
 ,O,GXEAWt7iuMI
mink0805,O,GXEAWt7iuMI
@gmail,O,GXEAWt7iuMI
.com,O,GXEAWt7iuMI
ㅡㅡㅡ,ㅡㅡㅡ,GXEAWt7iuMI
■,O,GXEAWt7iuMI
 ,O,GXEAWt7iuMI
BGM,O,GXEAWt7iuMI
ㅡㅡㅡ,ㅡㅡㅡ,GXEAWt7iuMI
Song,O,GXEAWt7iuMI
 ,O,GXEAWt7iuMI
:,O,GXEAWt7iuMI
 ,O,GXEAWt7iuMI
3rd,O,GXEAWt7iuMI
 ,O,GXEAWt7iuMI
Silhouette,O,GXEAWt7iuMI
 ,O,GXEAWt7iuMI
-,O,GXEAWt7iuMI
 ,O,GXEAWt7iuMI
Forgotten Heroes,O,GXEAWt7iuMI
 ,O,GXEAWt7iuMI
https://,O,GXEAWt7iuMI
soundcloud,O,GXEAWt7iuMI
.com/,O,GXEAWt7iuMI
3rdsilhouette,O,GXEAWt7iuMI
ㅡㅡㅡ,ㅡㅡㅡ,GXEAWt7iuMI
Creative,O,GXEAWt7iuMI
 ,O,GXEAWt7iuMI
Commons,O,GXEAWt7iuMI
 ,O,GXEAWt7iuMI
—,O,GXEAWt7iuMI
 ,O,GXEAWt7iuMI
Attribution,O,GXEAWt7iuMI
#NAME?,O,GXEAWt7iuMI
 ,O,GXEAWt7iuMI
3,O,GXEAWt7iuMI
 ,O,GXEAWt7iuMI
Unported,O,GXEAWt7iuMI
ㅡㅡㅡ,ㅡㅡㅡ,GXEAWt7iuMI
Music,O,GXEAWt7iuMI
 ,O,GXEAWt7iuMI
promoted,O,GXEAWt7iuMI
 ,O,GXEAWt7iuMI
by,O,GXEAWt7iuMI
 ,O,GXEAWt7iuMI
Vlog,O,GXEAWt7iuMI
 ,O,GXEAWt7iuMI
Copyright,O,GXEAWt7iuMI
 ,O,GXEAWt7iuMI
Free,O,GXEAWt7iuMI
 ,O,GXEAWt7iuMI
Music,O,GXEAWt7iuMI
ㅡㅡㅡ,ㅡㅡㅡ,GXEAWt7iuMI
Link,O,GXEAWt7iuMI
 ,O,GXEAWt7iuMI
:,O,GXEAWt7iuMI
 ,O,GXEAWt7iuMI
http,O,GXEAWt7iuMI
s://,O,GXEAWt7iuMI
youtu.be/R8xUa2uqu6U,O,GXEAWt7iuMI
ㅡㅡㅡ,ㅡㅡㅡ,ㅡㅡㅡ
이번,O,nLBx7KK-nAg
 ,O,nLBx7KK-nAg
영상두,O,nLBx7KK-nAg
 ,O,nLBx7KK-nAg
재밌게,O,nLBx7KK-nAg
 ,O,nLBx7KK-nAg
봐주세요,O,nLBx7KK-nAg
 ,O,nLBx7KK-nAg
❤❤❤,O,nLBx7KK-nAg
ㅡㅡㅡ,ㅡㅡㅡ,nLBx7KK-nAg
Instagram,O,nLBx7KK-nAg
 ,O,nLBx7KK-nAg
-,O,nLBx7KK-nAg
 ,O,nLBx7KK-nAg
http://,O,nLBx7KK-nAg
www.instagram.com/cafe.dorothy,O,nLBx7KK-nAg
ㅡㅡㅡ,ㅡㅡㅡ,nLBx7KK-nAg
Music,O,nLBx7KK-nAg
 ,O,nLBx7KK-nAg
provided,O,nLBx7KK-nAg
 ,O,nLBx7KK-nAg
by,O,nLBx7KK-nAg
 ,O,nLBx7KK-nAg
브금,O,nLBx7KK-nAg
대통령,O,nLBx7KK-nAg
ㅡㅡㅡ,ㅡㅡㅡ,nLBx7KK-nAg
Track,O,nLBx7KK-nAg
 ,O,nLBx7KK-nAg
:,O,nLBx7KK-nAg
 ,O,nLBx7KK-nAg
룰루,O,nLBx7KK-nAg
~랄라~,O,nLBx7KK-nAg
 ,O,nLBx7KK-nAg
-,O,nLBx7KK-nAg
 ,O,nLBx7KK-nAg
https,O,nLBx7KK-nAg
://,O,nLBx7KK-nAg
youtu.be/xEAyskB7lfg,O,nLBx7KK-nAg
ㅡㅡㅡ,ㅡㅡㅡ,nLBx7KK-nAg
Track,O,nLBx7KK-nAg
 ,O,nLBx7KK-nAg
:,O,nLBx7KK-nAg
 ,O,nLBx7KK-nAg
아침햇살,O,nLBx7KK-nAg
 ,O,nLBx7KK-nAg
-,O,nLBx7KK-nAg
 ,O,nLBx7KK-nAg
https,O,nLBx7KK-nAg
://,O,nLBx7KK-nAg
youtu.be/xG-k6Cz8TTI,O,nLBx7KK-nAg
ㅡㅡㅡ,ㅡㅡㅡ,nLBx7KK-nAg
Music,O,nLBx7KK-nAg
 ,O,nLBx7KK-nAg
Provided,O,nLBx7KK-nAg
 ,O,nLBx7KK-nAg
by,O,nLBx7KK-nAg
 ,O,nLBx7KK-nAg
음악팀,O,nLBx7KK-nAg
 ,O,nLBx7KK-nAg
(,O,nLBx7KK-nAg
TeamMusicCreative,O,nLBx7KK-nAg
),O,nLBx7KK-nAg
ㅡㅡㅡ,ㅡㅡㅡ,nLBx7KK-nAg
Track,O,nLBx7KK-nAg
 ,O,nLBx7KK-nAg
:,O,nLBx7KK-nAg
 ,O,nLBx7KK-nAg
A,O,nLBx7KK-nAg
 ,O,nLBx7KK-nAg
comedy,O,nLBx7KK-nAg
 ,O,nLBx7KK-nAg
in,O,nLBx7KK-nAg
 ,O,nLBx7KK-nAg
long,O,nLBx7KK-nAg
 ,O,nLBx7KK-nAg
shot,O,nLBx7KK-nAg
 ,O,nLBx7KK-nAg
-,O,nLBx7KK-nAg
 ,O,nLBx7KK-nAg
http,O,nLBx7KK-nAg
s://,O,nLBx7KK-nAg
youtu.be/9N4M_uigtlY,O,nLBx7KK-nAg
ㅡㅡㅡ,ㅡㅡㅡ,nLBx7KK-nAg
Track,O,nLBx7KK-nAg
 ,O,nLBx7KK-nAg
:,O,nLBx7KK-nAg
 ,O,nLBx7KK-nAg
Laying,O,nLBx7KK-nAg
 ,O,nLBx7KK-nAg
on,O,nLBx7KK-nAg
 ,O,nLBx7KK-nAg
a,O,nLBx7KK-nAg
 ,O,nLBx7KK-nAg
hammock,O,nLBx7KK-nAg
 ,O,nLBx7KK-nAg
-,O,nLBx7KK-nAg
 ,O,nLBx7KK-nAg
https://,O,nLBx7KK-nAg
youtu.be/8CVYwwyNYQ,O,nLBx7KK-nAg
s,O,nLBx7KK-nAg
ㅡㅡㅡ,ㅡㅡㅡ,nLBx7KK-nAg
Track,O,nLBx7KK-nAg
 ,O,nLBx7KK-nAg
:,O,nLBx7KK-nAg
 ,O,nLBx7KK-nAg
Moo,O,nLBx7KK-nAg
nlight,O,nLBx7KK-nAg
 ,O,nLBx7KK-nAg
-,O,nLBx7KK-nAg
 ,O,nLBx7KK-nAg
http,O,nLBx7KK-nAg
s://,O,nLBx7KK-nAg
youtu.be/p6NZeaCLNrU,O,nLBx7KK-nAg
ㅡㅡㅡ,ㅡㅡㅡ,ㅡㅡㅡ
벌써,O,3lNNNw6l_BE
 ,O,3lNNNw6l_BE
열번째,O,3lNNNw6l_BE
 ,O,3lNNNw6l_BE
카페,O,3lNNNw6l_BE
 ,O,3lNNNw6l_BE
브이로그에요!,O,3lNNNw6l_BE
ㅡㅡㅡ,ㅡㅡㅡ,3lNNNw6l_BE
편집하면서도,O,3lNNNw6l_BE
 ,O,3lNNNw6l_BE
놀라워요..,O,3lNNNw6l_BE
ㅡㅡㅡ,ㅡㅡㅡ,3lNNNw6l_BE
항상,O,3lNNNw6l_BE
 ,O,3lNNNw6l_BE
남겨주시는,O,3lNNNw6l_BE
 ,O,3lNNNw6l_BE
댓글들도,O,3lNNNw6l_BE
 ,O,3lNNNw6l_BE
신기하고,O,3lNNNw6l_BE
 ,O,3lNNNw6l_BE
감사한,O,3lNNNw6l_BE
 ,O,3lNNNw6l_BE
마음으로,O,3lNNNw6l_BE
 ,O,3lNNNw6l_BE
읽고,O,3lNNNw6l_BE
 ,O,3lNNNw6l_BE
있어요!,O,3lNNNw6l_BE
ㅡㅡㅡ,ㅡㅡㅡ,3lNNNw6l_BE
정말,O,3lNNNw6l_BE
 ,O,3lNNNw6l_BE
감사합니다,O,3lNNNw6l_BE
 ,O,3lNNNw6l_BE
❤,O,3lNNNw6l_BE
ㅡㅡㅡ,ㅡㅡㅡ,3lNNNw6l_BE
오늘,O,3lNNNw6l_BE
 ,O,3lNNNw6l_BE
브이로그도,O,3lNNNw6l_BE
 ,O,3lNNNw6l_BE
부디,O,3lNNNw6l_BE
 ,O,3lNNNw6l_BE
재밌게,O,3lNNNw6l_BE
 ,O,3lNNNw6l_BE
봐주시고,O,3lNNNw6l_BE
ㅡㅡㅡ,ㅡㅡㅡ,3lNNNw6l_BE
좋아요,O,3lNNNw6l_BE
 ,O,3lNNNw6l_BE
와,O,3lNNNw6l_BE
 ,O,3lNNNw6l_BE
구독하기,O,3lNNNw6l_BE
 ,O,3lNNNw6l_BE
꾸욱!,O,3lNNNw6l_BE
ㅡㅡㅡ,ㅡㅡㅡ,3lNNNw6l_BE
➡,O,3lNNNw6l_BE
 ,O,3lNNNw6l_BE
Instagram,O,3lNNNw6l_BE
 ,O,3lNNNw6l_BE
-,O,3lNNNw6l_BE
 ,O,3lNNNw6l_BE
http:/,O,3lNNNw6l_BE
/,O,3lNNNw6l_BE
www,O,3lNNNw6l_BE
.instagram.com/cafe.dorothy,O,3lNNNw6l_BE
ㅡㅡㅡ,ㅡㅡㅡ,3lNNNw6l_BE
Music,O,3lNNNw6l_BE
 ,O,3lNNNw6l_BE
provided,O,3lNNNw6l_BE
 ,O,3lNNNw6l_BE
by,O,3lNNNw6l_BE
 ,O,3lNNNw6l_BE
브금,O,3lNNNw6l_BE
대통령,O,3lNNNw6l_BE
ㅡㅡㅡ,ㅡㅡㅡ,3lNNNw6l_BE
Track,O,3lNNNw6l_BE
 ,O,3lNNNw6l_BE
:,O,3lNNNw6l_BE
 ,O,3lNNNw6l_BE
Chill,O,3lNNNw6l_BE
 ,O,3lNNNw6l_BE
&,O,3lNNNw6l_BE
 ,O,3lNNNw6l_BE
Night,O,3lNNNw6l_BE
 ,O,3lNNNw6l_BE
-,O,3lNNNw6l_BE
 ,O,3lNNNw6l_BE
https,O,3lNNNw6l_BE
://,O,3lNNNw6l_BE
youtu.be/vLyo_u_-WzY,O,3lNNNw6l_BE
ㅡㅡㅡ,ㅡㅡㅡ,3lNNNw6l_BE
Track,O,3lNNNw6l_BE
 ,O,3lNNNw6l_BE
:,O,3lNNNw6l_BE
 ,O,3lNNNw6l_BE
Kid,O,3lNNNw6l_BE
's,O,3lNNNw6l_BE
 ,O,3lNNNw6l_BE
Room,O,3lNNNw6l_BE
 ,O,3lNNNw6l_BE
-,O,3lNNNw6l_BE
 ,O,3lNNNw6l_BE
http,O,3lNNNw6l_BE
s://,O,3lNNNw6l_BE
youtu.be/e4w3WzWeFbg,O,3lNNNw6l_BE
ㅡㅡㅡ,ㅡㅡㅡ,ㅡㅡㅡ
영상들이,O,5pr3ILiyILA
 ,O,5pr3ILiyILA
많이,O,5pr3ILiyILA
 ,O,5pr3ILiyILA
밀려있네요.,O,5pr3ILiyILA
ㅡㅡㅡ,ㅡㅡㅡ,5pr3ILiyILA
요즘,O,5pr3ILiyILA
 ,O,5pr3ILiyILA
열심히,O,5pr3ILiyILA
 ,O,5pr3ILiyILA
편집하고,O,5pr3ILiyILA
 ,O,5pr3ILiyILA
있어요.,O,5pr3ILiyILA
ㅡㅡㅡ,ㅡㅡㅡ,5pr3ILiyILA
지난달,O,5pr3ILiyILA
에,O,5pr3ILiyILA
 ,O,5pr3ILiyILA
찍어둔,O,5pr3ILiyILA
 ,O,5pr3ILiyILA
영상으로,O,5pr3ILiyILA
 ,O,5pr3ILiyILA
코로나,O,5pr3ILiyILA
 ,O,5pr3ILiyILA
재확산,O,5pr3ILiyILA
 ,O,5pr3ILiyILA
되기전,O,5pr3ILiyILA
 ,O,5pr3ILiyILA
찍어둔,O,5pr3ILiyILA
 ,O,5pr3ILiyILA
영상들입니다!,O,5pr3ILiyILA
ㅡㅡㅡ,ㅡㅡㅡ,5pr3ILiyILA
이번,O,5pr3ILiyILA
 ,O,5pr3ILiyILA
영상도,O,5pr3ILiyILA
 ,O,5pr3ILiyILA
재밌게,O,5pr3ILiyILA
 ,O,5pr3ILiyILA
봐주세요,O,5pr3ILiyILA
ㅡㅡㅡ,ㅡㅡㅡ,5pr3ILiyILA
Instagram,O,5pr3ILiyILA
 ,O,5pr3ILiyILA
-,O,5pr3ILiyILA
 ,O,5pr3ILiyILA
http://,O,5pr3ILiyILA
www.instagram.com/cafe.dorothy,O,5pr3ILiyILA
ㅡㅡㅡ,ㅡㅡㅡ,5pr3ILiyILA
Music,O,5pr3ILiyILA
 ,O,5pr3ILiyILA
Provided,O,5pr3ILiyILA
 ,O,5pr3ILiyILA
by,O,5pr3ILiyILA
 ,O,5pr3ILiyILA
음악팀,O,5pr3ILiyILA
 ,O,5pr3ILiyILA
(,O,5pr3ILiyILA
TeamMusicCreative,O,5pr3ILiyILA
),O,5pr3ILiyILA
ㅡㅡㅡ,ㅡㅡㅡ,5pr3ILiyILA
Track,O,5pr3ILiyILA
 ,O,5pr3ILiyILA
:,O,5pr3ILiyILA
 ,O,5pr3ILiyILA
Happy,O,5pr3ILiyILA
 ,O,5pr3ILiyILA
Table,O,5pr3ILiyILA
 ,O,5pr3ILiyILA
-,O,5pr3ILiyILA
 ,O,5pr3ILiyILA
https,O,5pr3ILiyILA
://,O,5pr3ILiyILA
youtu.be/lcFCcvDp1Vc,O,5pr3ILiyILA
ㅡㅡㅡ,ㅡㅡㅡ,5pr3ILiyILA
Track,O,5pr3ILiyILA
 ,O,5pr3ILiyILA
:,O,5pr3ILiyILA
 ,O,5pr3ILiyILA
Season,O,5pr3ILiyILA
 ,O,5pr3ILiyILA
with,O,5pr3ILiyILA
 ,O,5pr3ILiyILA
you,O,5pr3ILiyILA
 ,O,5pr3ILiyILA
-,O,5pr3ILiyILA
 ,O,5pr3ILiyILA
https,O,5pr3ILiyILA
://,O,5pr3ILiyILA
youtu.be/xUPVdohgXvg,O,5pr3ILiyILA
ㅡㅡㅡ,ㅡㅡㅡ,5pr3ILiyILA
Track,O,5pr3ILiyILA
 ,O,5pr3ILiyILA
:,O,5pr3ILiyILA
 ,O,5pr3ILiyILA
Midnight,O,5pr3ILiyILA
 ,O,5pr3ILiyILA
–,O,5pr3ILiyILA
 ,O,5pr3ILiyILA
https://,O,5pr3ILiyILA
youtu.be,O,5pr3ILiyILA
/,O,5pr3ILiyILA
LNBCt_vbHJw,O,5pr3ILiyILA
ㅡㅡㅡ,ㅡㅡㅡ,5pr3ILiyILA
Music,O,5pr3ILiyILA
 ,O,5pr3ILiyILA
provided,O,5pr3ILiyILA
 ,O,5pr3ILiyILA
by,O,5pr3ILiyILA
 ,O,5pr3ILiyILA
브금,O,5pr3ILiyILA
대통령,O,5pr3ILiyILA
 ,O,5pr3ILiyILA
Track,O,5pr3ILiyILA
 ,O,5pr3ILiyILA
:,O,5pr3ILiyILA
 ,O,5pr3ILiyILA
맛있다 달고나커피,O,5pr3ILiyILA
 ,O,5pr3ILiyILA
-,O,5pr3ILiyILA
 ,O,5pr3ILiyILA
https,O,5pr3ILiyILA
://,O,5pr3ILiyILA
youtu,O,5pr3ILiyILA
.be/lhgAmp0S-TU,O,5pr3ILiyILA
ㅡㅡㅡ,ㅡㅡㅡ,ㅡㅡㅡ
옛,O,bBD5LcZtaGs
 ,O,bBD5LcZtaGs
선인,O,bBD5LcZtaGs
들의,O,bBD5LcZtaGs
 ,O,bBD5LcZtaGs
정취가,O,bBD5LcZtaGs
 ,O,bBD5LcZtaGs
남아,O,bBD5LcZtaGs
 ,O,bBD5LcZtaGs
있는곳,O,bBD5LcZtaGs
 ,O,bBD5LcZtaGs
',O,bBD5LcZtaGs
병산서원,B_TOR,bBD5LcZtaGs
',O,bBD5LcZtaGs
ㅡㅡㅡ,ㅡㅡㅡ,bBD5LcZtaGs
'배울수록,O,bBD5LcZtaGs
 ,O,bBD5LcZtaGs
"든든함,",O,bBD5LcZtaGs
 ,O,bBD5LcZtaGs
비울수록,O,bBD5LcZtaGs
 ,O,bBD5LcZtaGs
홀가분함',O,bBD5LcZtaGs
ㅡㅡㅡ,ㅡㅡㅡ,bBD5LcZtaGs
그런,O,bBD5LcZtaGs
 ,O,bBD5LcZtaGs
삶을,O,bBD5LcZtaGs
 ,O,bBD5LcZtaGs
살았을,O,bBD5LcZtaGs
 ,O,bBD5LcZtaGs
선비,O,bBD5LcZtaGs
들을,O,bBD5LcZtaGs
 ,O,bBD5LcZtaGs
생각해,O,bBD5LcZtaGs
 ,O,bBD5LcZtaGs
보는,O,bBD5LcZtaGs
ㅡㅡㅡ,ㅡㅡㅡ,bBD5LcZtaGs
시간이었다.,O,bBD5LcZtaGs
ㅡㅡㅡ,ㅡㅡㅡ,bBD5LcZtaGs
배경음악,O,bBD5LcZtaGs
ㅡㅡㅡ,ㅡㅡㅡ,bBD5LcZtaGs
Track,O,bBD5LcZtaGs
 ,O,bBD5LcZtaGs
:,O,bBD5LcZtaGs
 ,O,bBD5LcZtaGs
Myths,O,bBD5LcZtaGs
 ,O,bBD5LcZtaGs
and,O,bBD5LcZtaGs
 ,O,bBD5LcZtaGs
Legends,O,bBD5LcZtaGs
 ,O,bBD5LcZtaGs
(Collection),O,bBD5LcZtaGs
ㅡㅡㅡ,ㅡㅡㅡ,bBD5LcZtaGs
Compose,O,bBD5LcZtaGs
r,O,bBD5LcZtaGs
 ,O,bBD5LcZtaGs
:,O,bBD5LcZtaGs
 ,O,bBD5LcZtaGs
눈솔,O,bBD5LcZtaGs
ㅡㅡㅡ,ㅡㅡㅡ,bBD5LcZtaGs
Watch,O,bBD5LcZtaGs
 ,O,bBD5LcZtaGs
:,O,bBD5LcZtaGs
 ,O,bBD5LcZtaGs
https,O,bBD5LcZtaGs
://,O,bBD5LcZtaGs
youtu.be/xSE7856pDuU,O,bBD5LcZtaGs
ㅡㅡㅡ,ㅡㅡㅡ,bBD5LcZtaGs
Track,O,bBD5LcZtaGs
 ,O,bBD5LcZtaGs
:,O,bBD5LcZtaGs
 ,O,bBD5LcZtaGs
E,O,bBD5LcZtaGs
pic,O,bBD5LcZtaGs
 ,O,bBD5LcZtaGs
Music,O,bBD5LcZtaGs
 ,O,bBD5LcZtaGs
Collection,O,bBD5LcZtaGs
 ,O,bBD5LcZtaGs
2012-2018,O,bBD5LcZtaGs
ㅡㅡㅡ,ㅡㅡㅡ,bBD5LcZtaGs
Compose,O,bBD5LcZtaGs
r,O,bBD5LcZtaGs
 ,O,bBD5LcZtaGs
:,O,bBD5LcZtaGs
 ,O,bBD5LcZtaGs
눈솔,O,bBD5LcZtaGs
ㅡㅡㅡ,ㅡㅡㅡ,bBD5LcZtaGs
Watch,O,bBD5LcZtaGs
 ,O,bBD5LcZtaGs
:,O,bBD5LcZtaGs
 ,O,bBD5LcZtaGs
https,O,bBD5LcZtaGs
://,O,bBD5LcZtaGs
youtu.be/Ua_vH6xuqw4,O,bBD5LcZtaGs
ㅡㅡㅡ,ㅡㅡㅡ,ㅡㅡㅡ
한달후,O,4E3lUvT1vg0
가,O,4E3lUvT1vg0
 ,O,4E3lUvT1vg0
벌써,O,4E3lUvT1vg0
 ,O,4E3lUvT1vg0
유튭,O,4E3lUvT1vg0
 ,O,4E3lUvT1vg0
시작한지,O,4E3lUvT1vg0
 ,O,4E3lUvT1vg0
일년째,O,4E3lUvT1vg0
래요..,O,4E3lUvT1vg0
ㅡㅡㅡ,ㅡㅡㅡ,4E3lUvT1vg0
시간,O,4E3lUvT1vg0
 ,O,4E3lUvT1vg0
왜이렇게,O,4E3lUvT1vg0
 ,O,4E3lUvT1vg0
빠른건가요?,O,4E3lUvT1vg0
ㅡㅡㅡ,ㅡㅡㅡ,4E3lUvT1vg0
그래서,O,4E3lUvT1vg0
 ,O,4E3lUvT1vg0
저희도,O,4E3lUvT1vg0
 ,O,4E3lUvT1vg0
어떤,O,4E3lUvT1vg0
 ,O,4E3lUvT1vg0
이벤트가,O,4E3lUvT1vg0
 ,O,4E3lUvT1vg0
좋을지,O,4E3lUvT1vg0
 ,O,4E3lUvT1vg0
많이,O,4E3lUvT1vg0
 ,O,4E3lUvT1vg0
고민중입니다.,O,4E3lUvT1vg0
ㅡㅡㅡ,ㅡㅡㅡ,4E3lUvT1vg0
조만간,O,4E3lUvT1vg0
 ,O,4E3lUvT1vg0
공지,O,4E3lUvT1vg0
 ,O,4E3lUvT1vg0
올릴게요.,O,4E3lUvT1vg0
ㅡㅡㅡ,ㅡㅡㅡ,4E3lUvT1vg0
이번,O,4E3lUvT1vg0
 ,O,4E3lUvT1vg0
영상도,O,4E3lUvT1vg0
 ,O,4E3lUvT1vg0
재밌게,O,4E3lUvT1vg0
 ,O,4E3lUvT1vg0
봐주시고,O,4E3lUvT1vg0
 ,O,4E3lUvT1vg0
좋아요,O,4E3lUvT1vg0
 ,O,4E3lUvT1vg0
와,O,4E3lUvT1vg0
 ,O,4E3lUvT1vg0
구독,O,4E3lUvT1vg0
 ,O,4E3lUvT1vg0
잊지마세요!,O,4E3lUvT1vg0
ㅡㅡㅡ,ㅡㅡㅡ,4E3lUvT1vg0
Instagram,O,4E3lUvT1vg0
 ,O,4E3lUvT1vg0
-,O,4E3lUvT1vg0
 ,O,4E3lUvT1vg0
http://,O,4E3lUvT1vg0
www.instagram.com/cafe.dorothy,O,4E3lUvT1vg0
ㅡㅡㅡ,ㅡㅡㅡ,4E3lUvT1vg0
✔,O,4E3lUvT1vg0
 ,O,4E3lUvT1vg0
Only,O,4E3lUvT1vg0
 ,O,4E3lUvT1vg0
One,O,4E3lUvT1vg0
 ,O,4E3lUvT1vg0
Good,O,4E3lUvT1vg0
 ,O,4E3lUvT1vg0
Thing,O,4E3lUvT1vg0
 ,O,4E3lUvT1vg0
by,O,4E3lUvT1vg0
 ,O,4E3lUvT1vg0
kingle,O,4E3lUvT1vg0
ㅡㅡㅡ,ㅡㅡㅡ,4E3lUvT1vg0
Download,O,4E3lUvT1vg0
 ,O,4E3lUvT1vg0
/,O,4E3lUvT1vg0
 ,O,4E3lUvT1vg0
Stream,O,4E3lUvT1vg0
ㅡㅡㅡ,ㅡㅡㅡ,4E3lUvT1vg0
-,O,4E3lUvT1vg0
 ,O,4E3lUvT1vg0
http,O,4E3lUvT1vg0
s://,O,4E3lUvT1vg0
www,O,4E3lUvT1vg0
.sellbuymusic.com/musicDetail/7820,O,4E3lUvT1vg0
ㅡㅡㅡ,ㅡㅡㅡ,4E3lUvT1vg0
Music,O,4E3lUvT1vg0
 ,O,4E3lUvT1vg0
Provided,O,4E3lUvT1vg0
 ,O,4E3lUvT1vg0
by,O,4E3lUvT1vg0
 ,O,4E3lUvT1vg0
음악팀,O,4E3lUvT1vg0
 ,O,4E3lUvT1vg0
(,O,4E3lUvT1vg0
TeamMusicCreative,O,4E3lUvT1vg0
),O,4E3lUvT1vg0
ㅡㅡㅡ,ㅡㅡㅡ,4E3lUvT1vg0
Track,O,4E3lUvT1vg0
 ,O,4E3lUvT1vg0
:,O,4E3lUvT1vg0
 ,O,4E3lUvT1vg0
Whisper,O,4E3lUvT1vg0
 ,O,4E3lUvT1vg0
to,O,4E3lUvT1vg0
 ,O,4E3lUvT1vg0
me,O,4E3lUvT1vg0
 ,O,4E3lUvT1vg0
-,O,4E3lUvT1vg0
 ,O,4E3lUvT1vg0
https://,O,4E3lUvT1vg0
youtu.be/Q20_q4kQU3s,O,4E3lUvT1vg0
ㅡㅡㅡ,ㅡㅡㅡ,4E3lUvT1vg0
Music,O,4E3lUvT1vg0
 ,O,4E3lUvT1vg0
provided,O,4E3lUvT1vg0
 ,O,4E3lUvT1vg0
by,O,4E3lUvT1vg0
 ,O,4E3lUvT1vg0
브금,O,4E3lUvT1vg0
대통령,O,4E3lUvT1vg0
ㅡㅡㅡ,ㅡㅡㅡ,4E3lUvT1vg0
Track,O,4E3lUvT1vg0
 ,O,4E3lUvT1vg0
:,O,4E3lUvT1vg0
 ,O,4E3lUvT1vg0
Spring St,O,4E3lUvT1vg0
ep,O,4E3lUvT1vg0
 ,O,4E3lUvT1vg0
-,O,4E3lUvT1vg0
 ,O,4E3lUvT1vg0
h,O,4E3lUvT1vg0
ttps://,O,4E3lUvT1vg0
youtu.be/PvvaZaaHAm8,O,4E3lUvT1vg0
ㅡㅡㅡ,ㅡㅡㅡ,4E3lUvT1vg0
Track,O,4E3lUvT1vg0
 ,O,4E3lUvT1vg0
:,O,4E3lUvT1vg0
 ,O,4E3lUvT1vg0
Spring,O,4E3lUvT1vg0
 ,O,4E3lUvT1vg0
evening,O,4E3lUvT1vg0
 ,O,4E3lUvT1vg0
-,O,4E3lUvT1vg0
 ,O,4E3lUvT1vg0
https,O,4E3lUvT1vg0
://,O,4E3lUvT1vg0
youtu.be/WuS4qmV4Je,O,4E3lUvT1vg0
g,O,4E3lUvT1vg0
ㅡㅡㅡ,ㅡㅡㅡ,4E3lUvT1vg0
#,O,4E3lUvT1vg0
카페브이로그,O,4E3lUvT1vg0
#디저트카페브이로그,O,4E3lUvT1vg0
#,O,4E3lUvT1vg0
구독자,O,4E3lUvT1vg0
이벤트,O,4E3lUvT1vg0
ㅡㅡㅡ,ㅡㅡㅡ,ㅡㅡㅡ
이름:,O,aAAoRvim8_Q
순돌이,O,aAAoRvim8_Q
 ,O,aAAoRvim8_Q
(,O,aAAoRvim8_Q
가족,O,aAAoRvim8_Q
들이,O,aAAoRvim8_Q
 ,O,aAAoRvim8_Q
그냥,O,aAAoRvim8_Q
 ,O,aAAoRvim8_Q
권순돌,O,aAAoRvim8_Q
이라고,O,aAAoRvim8_Q
 ,O,aAAoRvim8_Q
부름),O,aAAoRvim8_Q
ㅡㅡㅡ,ㅡㅡㅡ,aAAoRvim8_Q
입양일자:,O,aAAoRvim8_Q
 ,O,aAAoRvim8_Q
2019년3월1일,O,aAAoRvim8_Q
 ,O,aAAoRvim8_Q
(당시,O,aAAoRvim8_Q
 ,O,aAAoRvim8_Q
1살,O,aAAoRvim8_Q
),O,aAAoRvim8_Q
ㅡㅡㅡ,ㅡㅡㅡ,aAAoRvim8_Q
성별:,O,aAAoRvim8_Q
 ,O,aAAoRvim8_Q
남자,O,aAAoRvim8_Q
ㅡㅡㅡ,ㅡㅡㅡ,aAAoRvim8_Q
특징:,O,aAAoRvim8_Q
 ,O,aAAoRvim8_Q
천사견,O,aAAoRvim8_Q
ㅡㅡㅡ,ㅡㅡㅡ,aAAoRvim8_Q
수녕,O,aAAoRvim8_Q
과,O,aAAoRvim8_Q
 ,O,aAAoRvim8_Q
순돌,O,aAAoRvim8_Q
의,O,aAAoRvim8_Q
 ,O,aAAoRvim8_Q
인스타그램,O,aAAoRvim8_Q
ㅡㅡㅡ,ㅡㅡㅡ,aAAoRvim8_Q
https://,O,aAAoRvim8_Q
www,O,aAAoRvim8_Q
.instagram.com/soonyung_represent,O,aAAoRvim8_Q
/,O,aAAoRvim8_Q
ㅡㅡㅡ,ㅡㅡㅡ,aAAoRvim8_Q
수녕,O,aAAoRvim8_Q
의,O,aAAoRvim8_Q
 ,O,aAAoRvim8_Q
email,O,aAAoRvim8_Q
ㅡㅡㅡ,ㅡㅡㅡ,aAAoRvim8_Q
hyung1745@snu.ac.kr,O,aAAoRvim8_Q
ㅡㅡㅡ,ㅡㅡㅡ,aAAoRvim8_Q
비즈니스,O,aAAoRvim8_Q
 ,O,aAAoRvim8_Q
문의,O,aAAoRvim8_Q
ㅡㅡㅡ,ㅡㅡㅡ,aAAoRvim8_Q
hyung1745@snu.ac.kr,O,aAAoRvim8_Q
ㅡㅡㅡ,ㅡㅡㅡ,ㅡㅡㅡ
안동,B_LOC,zmNqXQjfwas
 ,O,zmNqXQjfwas
봄,O,zmNqXQjfwas
 ,O,zmNqXQjfwas
여행지,O,zmNqXQjfwas
 ,O,zmNqXQjfwas
추천,O,zmNqXQjfwas
 ,O,zmNqXQjfwas
히든,O,zmNqXQjfwas
 ,O,zmNqXQjfwas
스팟,O,zmNqXQjfwas
 ,O,zmNqXQjfwas
&,O,zmNqXQjfwas
 ,O,zmNqXQjfwas
포토스팟,O,zmNqXQjfwas
 ,O,zmNqXQjfwas
(with,O,zmNqXQjfwas
 ,O,zmNqXQjfwas
아이더 투어링 웨어 & 워크,O,zmNqXQjfwas
),O,zmNqXQjfwas
ㅡㅡㅡ,ㅡㅡㅡ,zmNqXQjfwas
*본,O,zmNqXQjfwas
 ,O,zmNqXQjfwas
콘텐츠는,O,zmNqXQjfwas
 ,O,zmNqXQjfwas
광고를,O,zmNqXQjfwas
 ,O,zmNqXQjfwas
포함하고,O,zmNqXQjfwas
 ,O,zmNqXQjfwas
있습니다,O,zmNqXQjfwas
ㅡㅡㅡ,ㅡㅡㅡ,zmNqXQjfwas
아이더,O,zmNqXQjfwas
와,O,zmNqXQjfwas
 ,O,zmNqXQjfwas
함께하는,O,zmNqXQjfwas
 ,O,zmNqXQjfwas
코비가,O,zmNqXQjfwas
의,O,zmNqXQjfwas
 ,O,zmNqXQjfwas
20201년,O,zmNqXQjfwas
 ,O,zmNqXQjfwas
두번째,O,zmNqXQjfwas
 ,O,zmNqXQjfwas
콜라보,O,zmNqXQjfwas
 ,O,zmNqXQjfwas
프로젝트,O,zmNqXQjfwas
 ,O,zmNqXQjfwas
!,O,zmNqXQjfwas
ㅡㅡㅡ,ㅡㅡㅡ,zmNqXQjfwas
안동,B_LOC,zmNqXQjfwas
하면,O,zmNqXQjfwas
 ,O,zmNqXQjfwas
떠오르는,O,zmNqXQjfwas
 ,O,zmNqXQjfwas
여행지는?,O,zmNqXQjfwas
ㅡㅡㅡ,ㅡㅡㅡ,zmNqXQjfwas
영월교,B_TOR,zmNqXQjfwas
?,O,zmNqXQjfwas
 ,O,zmNqXQjfwas
하회마을,B_TOR,zmNqXQjfwas
?,O,zmNqXQjfwas
 ,O,zmNqXQjfwas
도산서원,B_TOR,zmNqXQjfwas
?,O,zmNqXQjfwas
ㅡㅡㅡ,ㅡㅡㅡ,zmNqXQjfwas
NO.,O,zmNqXQjfwas
 ,O,zmNqXQjfwas
이번에는,O,zmNqXQjfwas
 ,O,zmNqXQjfwas
안동,B_LOC,zmNqXQjfwas
의,O,zmNqXQjfwas
 ,O,zmNqXQjfwas
숨은,O,zmNqXQjfwas
 ,O,zmNqXQjfwas
명소와,O,zmNqXQjfwas
 ,O,zmNqXQjfwas
포토스팟을,O,zmNqXQjfwas
 ,O,zmNqXQjfwas
찾아,O,zmNqXQjfwas
 ,O,zmNqXQjfwas
떠났습니다,O,zmNqXQjfwas
ㅡㅡㅡ,ㅡㅡㅡ,zmNqXQjfwas
아직,O,zmNqXQjfwas
 ,O,zmNqXQjfwas
벚꽃,O,zmNqXQjfwas
이,O,zmNqXQjfwas
 ,O,zmNqXQjfwas
가득한,O,zmNqXQjfwas
 ,O,zmNqXQjfwas
백운정 유원지,B_TOR,zmNqXQjfwas
 ,O,zmNqXQjfwas
!,O,zmNqXQjfwas
ㅡㅡㅡ,ㅡㅡㅡ,zmNqXQjfwas
비밀,O,zmNqXQjfwas
 ,O,zmNqXQjfwas
장소,O,zmNqXQjfwas
 ,O,zmNqXQjfwas
같은,O,zmNqXQjfwas
 ,O,zmNqXQjfwas
곳이,O,zmNqXQjfwas
 ,O,zmNqXQjfwas
있는,O,zmNqXQjfwas
 ,O,zmNqXQjfwas
낙강 물길 공원,B_TOR,zmNqXQjfwas
ㅡㅡㅡ,ㅡㅡㅡ,zmNqXQjfwas
그리고,O,zmNqXQjfwas
 ,O,zmNqXQjfwas
병산성원,B_TOR,zmNqXQjfwas
과,O,zmNqXQjfwas
 ,O,zmNqXQjfwas
부용대,B_TOR,zmNqXQjfwas
까지,O,zmNqXQjfwas
ㅡㅡㅡ,ㅡㅡㅡ,zmNqXQjfwas
아직,O,zmNqXQjfwas
 ,O,zmNqXQjfwas
봄,O,zmNqXQjfwas
느낌,O,zmNqXQjfwas
 ,O,zmNqXQjfwas
가득한,O,zmNqXQjfwas
 ,O,zmNqXQjfwas
안동,B_LOC,zmNqXQjfwas
으로,O,zmNqXQjfwas
 ,O,zmNqXQjfwas
떠나,O,zmNqXQjfwas
 ,O,zmNqXQjfwas
보시죠,O,zmNqXQjfwas
 ,O,zmNqXQjfwas
!,O,zmNqXQjfwas
ㅡㅡㅡ,ㅡㅡㅡ,zmNqXQjfwas
#,O,zmNqXQjfwas
아이더,O,zmNqXQjfwas
 ,O,zmNqXQjfwas
#투어링,O,zmNqXQjfwas
 ,O,zmNqXQjfwas
#투어링웨어,O,zmNqXQjfwas
 ,O,zmNqXQjfwas
#투어링워크,O,zmNqXQjfwas
ㅡㅡㅡ,ㅡㅡㅡ,zmNqXQjfwas
#,O,zmNqXQjfwas
안동,B_LOC,zmNqXQjfwas
여행,O,zmNqXQjfwas
 ,O,zmNqXQjfwas
#,O,zmNqXQjfwas
안동,B_LOC,zmNqXQjfwas
가볼만한곳,O,zmNqXQjfwas
 ,O,zmNqXQjfwas
#,O,zmNqXQjfwas
아이더,O,zmNqXQjfwas
패딩,O,zmNqXQjfwas
ㅡㅡㅡ,ㅡㅡㅡ,zmNqXQjfwas
-,O,zmNqXQjfwas
------------------------------------------------------------------,O,zmNqXQjfwas
ㅡㅡㅡ,ㅡㅡㅡ,zmNqXQjfwas
KOREA,O,zmNqXQjfwas
 ,O,zmNqXQjfwas
VISUAL,O,zmNqXQjfwas
 ,O,zmNqXQjfwas
GUIDE,O,zmNqXQjfwas
 ,O,zmNqXQjfwas
E,O,zmNqXQjfwas
 ,O,zmNqXQjfwas
-,O,zmNqXQjfwas
 ,O,zmNqXQjfwas
mail,O,zmNqXQjfwas
 ,O,zmNqXQjfwas
:,O,zmNqXQjfwas
 ,O,zmNqXQjfwas
good17@nate,O,zmNqXQjfwas
.com,O,zmNqXQjfwas
ㅡㅡㅡ,ㅡㅡㅡ,zmNqXQjfwas
KORE,O,zmNqXQjfwas
A,O,zmNqXQjfwas
 ,O,zmNqXQjfwas
VISUAL,O,zmNqXQjfwas
 ,O,zmNqXQjfwas
GUIDE,O,zmNqXQjfwas
 ,O,zmNqXQjfwas
Subscribe,O,zmNqXQjfwas
 ,O,zmNqXQjfwas
:,O,zmNqXQjfwas
 ,O,zmNqXQjfwas
https://bit.ly/2ItjKsN,O,zmNqXQjfwas
ㅡㅡㅡ,ㅡㅡㅡ,ㅡㅡㅡ
안녕하세요,O,M7JjHoNUmqs
ㅡㅡㅡ,ㅡㅡㅡ,M7JjHoNUmqs
8,O,M7JjHoNUmqs
 ,O,M7JjHoNUmqs
couple입니다^^,O,M7JjHoNUmqs
ㅡㅡㅡ,ㅡㅡㅡ,M7JjHoNUmqs
오늘,O,M7JjHoNUmqs
 ,O,M7JjHoNUmqs
영상은,O,M7JjHoNUmqs
 ,O,M7JjHoNUmqs
안동,B_LOC,M7JjHoNUmqs
 ,O,M7JjHoNUmqs
당일치기,O,M7JjHoNUmqs
 ,O,M7JjHoNUmqs
여행,O,M7JjHoNUmqs
 ,O,M7JjHoNUmqs
V,O,M7JjHoNUmqs
LOG,O,M7JjHoNUmqs
 ,O,M7JjHoNUmqs
1탄,O,M7JjHoNUmqs
입니다!,O,M7JjHoNUmqs
ㅡㅡㅡ,ㅡㅡㅡ,M7JjHoNUmqs
맛있는,O,M7JjHoNUmqs
 ,O,M7JjHoNUmqs
간고등어 구이,O,M7JjHoNUmqs
",",O,M7JjHoNUmqs
 ,O,M7JjHoNUmqs
하회마을,B_TOR,M7JjHoNUmqs
",",O,M7JjHoNUmqs
 ,O,M7JjHoNUmqs
부용대,B_TOR,M7JjHoNUmqs
!,O,M7JjHoNUmqs
ㅡㅡㅡ,ㅡㅡㅡ,M7JjHoNUmqs
그리고,O,M7JjHoNUmqs
 ,O,M7JjHoNUmqs
Jily,O,M7JjHoNUmqs
의,O,M7JjHoNUmqs
 ,O,M7JjHoNUmqs
깜짝,O,M7JjHoNUmqs
 ,O,M7JjHoNUmqs
노래까지!,O,M7JjHoNUmqs
ㅡㅡㅡ,ㅡㅡㅡ,M7JjHoNUmqs
오늘,O,M7JjHoNUmqs
도,O,M7JjHoNUmqs
 ,O,M7JjHoNUmqs
행복한,O,M7JjHoNUmqs
 ,O,M7JjHoNUmqs
하루,O,M7JjHoNUmqs
 ,O,M7JjHoNUmqs
보내세요!,O,M7JjHoNUmqs
ㅡㅡㅡ,ㅡㅡㅡ,M7JjHoNUmqs
Music,O,M7JjHoNUmqs
 ,O,M7JjHoNUmqs
provided,O,M7JjHoNUmqs
 ,O,M7JjHoNUmqs
by,O,M7JjHoNUmqs
 ,O,M7JjHoNUmqs
MRFE,O,M7JjHoNUmqs
 ,O,M7JjHoNUmqs
Muic,O,M7JjHoNUmqs
 ,O,M7JjHoNUmqs
Relax,O,M7JjHoNUmqs
 ,O,M7JjHoNUmqs
For,O,M7JjHoNUmqs
 ,O,M7JjHoNUmqs
Ever,O,M7JjHoNUmqs
 ,O,M7JjHoNUmqs
MFRE,O,M7JjHoNUmqs
ㅡㅡㅡ,ㅡㅡㅡ,M7JjHoNUmqs
Track,O,M7JjHoNUmqs
 ,O,M7JjHoNUmqs
:,O,M7JjHoNUmqs
 ,O,M7JjHoNUmqs
Friendly,O,M7JjHoNUmqs
 ,O,M7JjHoNUmqs
Dance,O,M7JjHoNUmqs
 ,O,M7JjHoNUmqs
-,O,M7JjHoNUmqs
 ,O,M7JjHoNUmqs
http,O,M7JjHoNUmqs
s://,O,M7JjHoNUmqs
www,O,M7JjHoNUmqs
.youtube.com/watch?v=0ma0vU_jjGQ,O,M7JjHoNUmqs
ㅡㅡㅡ,ㅡㅡㅡ,M7JjHoNUmqs
Music,O,M7JjHoNUmqs
 ,O,M7JjHoNUmqs
provided,O,M7JjHoNUmqs
 ,O,M7JjHoNUmqs
by,O,M7JjHoNUmqs
 ,O,M7JjHoNUmqs
STK,O,M7JjHoNUmqs
 ,O,M7JjHoNUmqs
-,O,M7JjHoNUmqs
 ,O,M7JjHoNUmqs
Audi,O,M7JjHoNUmqs
 ,O,M7JjHoNUmqs
Library,O,M7JjHoNUmqs
ㅡㅡㅡ,ㅡㅡㅡ,M7JjHoNUmqs
Track,O,M7JjHoNUmqs
 ,O,M7JjHoNUmqs
:,O,M7JjHoNUmqs
 ,O,M7JjHoNUmqs
C,O,M7JjHoNUmqs
om,O,M7JjHoNUmqs
municator,O,M7JjHoNUmqs
 ,O,M7JjHoNUmqs
-,O,M7JjHoNUmqs
 ,O,M7JjHoNUmqs
https,O,M7JjHoNUmqs
://,O,M7JjHoNUmqs
www.youtube.com/watch?v=gGrbbPEAmOA,O,M7JjHoNUmqs
ㅡㅡㅡ,ㅡㅡㅡ,M7JjHoNUmqs
Music,O,M7JjHoNUmqs
 ,O,M7JjHoNUmqs
provided,O,M7JjHoNUmqs
 ,O,M7JjHoNUmqs
by,O,M7JjHoNUmqs
 ,O,M7JjHoNUmqs
브금,O,M7JjHoNUmqs
대통령,O,M7JjHoNUmqs
ㅡㅡㅡ,ㅡㅡㅡ,M7JjHoNUmqs
Track,O,M7JjHoNUmqs
 ,O,M7JjHoNUmqs
:,O,M7JjHoNUmqs
 ,O,M7JjHoNUmqs
Paesaggio Italiano,O,M7JjHoNUmqs
 ,O,M7JjHoNUmqs
-,O,M7JjHoNUmqs
 ,O,M7JjHoNUmqs
https://,O,M7JjHoNUmqs
youtu.be/9PRnPdgNhMI,O,M7JjHoNUmqs
ㅡㅡㅡ,ㅡㅡㅡ,M7JjHoNUmqs
Music,O,M7JjHoNUmqs
 ,O,M7JjHoNUmqs
provided,O,M7JjHoNUmqs
 ,O,M7JjHoNUmqs
by,O,M7JjHoNUmqs
 ,O,M7JjHoNUmqs
브금,O,M7JjHoNUmqs
대통령,O,M7JjHoNUmqs
ㅡㅡㅡ,ㅡㅡㅡ,M7JjHoNUmqs
Track,O,M7JjHoNUmqs
 ,O,M7JjHoNUmqs
:,O,M7JjHoNUmqs
 ,O,M7JjHoNUmqs
둘레길,O,M7JjHoNUmqs
 ,O,M7JjHoNUmqs
산책,O,M7JjHoNUmqs
 ,O,M7JjHoNUmqs
-,O,M7JjHoNUmqs
 ,O,M7JjHoNUmqs
h,O,M7JjHoNUmqs
ttps,O,M7JjHoNUmqs
://,O,M7JjHoNUmqs
youtu.be/w1YKBmNmtmA,O,M7JjHoNUmqs
ㅡㅡㅡ,ㅡㅡㅡ,M7JjHoNUmqs
Music,O,M7JjHoNUmqs
 ,O,M7JjHoNUmqs
provided,O,M7JjHoNUmqs
 ,O,M7JjHoNUmqs
by,O,M7JjHoNUmqs
 ,O,M7JjHoNUmqs
브금,O,M7JjHoNUmqs
대통령,O,M7JjHoNUmqs
ㅡㅡㅡ,ㅡㅡㅡ,M7JjHoNUmqs
Track,O,M7JjHoNUmqs
 ,O,M7JjHoNUmqs
:,O,M7JjHoNUmqs
 ,O,M7JjHoNUmqs
우리동네,O,M7JjHoNUmqs
 ,O,M7JjHoNUmqs
한바퀴,O,M7JjHoNUmqs
 ,O,M7JjHoNUmqs
-,O,M7JjHoNUmqs
 ,O,M7JjHoNUmqs
https,O,M7JjHoNUmqs
://,O,M7JjHoNUmqs
youtu.be/iyaIxy9KQJQ,O,M7JjHoNUmqs
ㅡㅡㅡ,ㅡㅡㅡ,M7JjHoNUmqs
#,O,M7JjHoNUmqs
안동,B_LOC,M7JjHoNUmqs
여행,O,M7JjHoNUmqs
 ,O,M7JjHoNUmqs
#국내여행추천,O,M7JjHoNUmqs
 ,O,M7JjHoNUmqs
#여행VLOG,O,M7JjHoNUmqs
ㅡㅡㅡ,ㅡㅡㅡ,ㅡㅡㅡ
안동,B_LOC,4GWdsyBcjuM
여행,O,4GWdsyBcjuM
 ,O,4GWdsyBcjuM
vlog,O,4GWdsyBcjuM
/당일치기,O,4GWdsyBcjuM
 ,O,4GWdsyBcjuM
여행지의끝판왕_,O,4GWdsyBcjuM
여행vlog,O,4GWdsyBcjuM
/,O,4GWdsyBcjuM
안동,B_LOC,4GWdsyBcjuM
/국내여행,O,4GWdsyBcjuM
 ,O,4GWdsyBcjuM
브이로그,O,4GWdsyBcjuM
/,O,4GWdsyBcjuM
안동,B_LOC,4GWdsyBcjuM
여행지/,O,4GWdsyBcjuM
안동,B_LOC,4GWdsyBcjuM
 ,O,4GWdsyBcjuM
여행,O,4GWdsyBcjuM
 ,O,4GWdsyBcjuM
브이로그,O,4GWdsyBcjuM
/,O,4GWdsyBcjuM
안동,B_LOC,4GWdsyBcjuM
 ,O,4GWdsyBcjuM
여행,O,4GWdsyBcjuM
 ,O,4GWdsyBcjuM
코스/여행,O,4GWdsyBcjuM
 ,O,4GWdsyBcjuM
국내/,O,4GWdsyBcjuM
안동,B_LOC,4GWdsyBcjuM
 ,O,4GWdsyBcjuM
당일치기여행,O,4GWdsyBcjuM
 ,O,4GWdsyBcjuM
/,O,4GWdsyBcjuM
안동,B_LOC,4GWdsyBcjuM
 ,O,4GWdsyBcjuM
여행,O,4GWdsyBcjuM
 ,O,4GWdsyBcjuM
브이로그,O,4GWdsyBcjuM
/,O,4GWdsyBcjuM
안동,B_LOC,4GWdsyBcjuM
여행지,O,4GWdsyBcjuM
 ,O,4GWdsyBcjuM
추천/,O,4GWdsyBcjuM
안동,B_LOC,4GWdsyBcjuM
 ,O,4GWdsyBcjuM
브이로그,O,4GWdsyBcjuM
/,O,4GWdsyBcjuM
안동,B_LOC,4GWdsyBcjuM
여행,O,4GWdsyBcjuM
 ,O,4GWdsyBcjuM
추천/,O,4GWdsyBcjuM
하회마을,B_TOR,4GWdsyBcjuM
/,O,4GWdsyBcjuM
부용대,B_TOR,4GWdsyBcjuM
ㅡㅡㅡ,ㅡㅡㅡ,4GWdsyBcjuM
[vlog]Domestic,O,4GWdsyBcjuM
 ,O,4GWdsyBcjuM
travel/Let's,O,4GWdsyBcjuM
 ,O,4GWdsyBcjuM
go,O,4GWdsyBcjuM
 ,O,4GWdsyBcjuM
to,O,4GWdsyBcjuM
 ,O,4GWdsyBcjuM
the,O,4GWdsyBcjuM
 ,O,4GWdsyBcjuM
magic,O,4GWdsyBcjuM
 ,O,4GWdsyBcjuM
full,O,4GWdsyBcjuM
 ,O,4GWdsyBcjuM
of,O,4GWdsyBcjuM
 ,O,4GWdsyBcjuM
the,O,4GWdsyBcjuM
 ,O,4GWdsyBcjuM
scent,O,4GWdsyBcjuM
 ,O,4GWdsyBcjuM
of,O,4GWdsyBcjuM
 ,O,4GWdsyBcjuM
traditional,O,4GWdsyBcjuM
 ,O,4GWdsyBcjuM
culture~Andong Hahoe Village Tra,O,4GWdsyBcjuM
vel/,O,4GWdsyBcjuM
Korea,O,4GWdsyBcjuM
 ,O,4GWdsyBcjuM
Travel,O,4GWdsyBcjuM
 ,O,4GWdsyBcjuM
Vlog/,O,4GWdsyBcjuM
Korea,O,4GWdsyBcjuM
 ,O,4GWdsyBcjuM
Travel,O,4GWdsyBcjuM
 ,O,4GWdsyBcjuM
Recommendation/,O,4GWdsyBcjuM
ㅡㅡㅡ,ㅡㅡㅡ,4GWdsyBcjuM
이번,O,4GWdsyBcjuM
 ,O,4GWdsyBcjuM
국내,O,4GWdsyBcjuM
 ,O,4GWdsyBcjuM
여행지는,O,4GWdsyBcjuM
 ,O,4GWdsyBcjuM
경북,O,4GWdsyBcjuM
안동,B_LOC,4GWdsyBcjuM
에,O,4GWdsyBcjuM
 ,O,4GWdsyBcjuM
있는,O,4GWdsyBcjuM
 ,O,4GWdsyBcjuM
하회마을,B_TOR,4GWdsyBcjuM
 ,O,4GWdsyBcjuM
입니다.,O,4GWdsyBcjuM
ㅡㅡㅡ,ㅡㅡㅡ,4GWdsyBcjuM
전통문화의,O,4GWdsyBcjuM
 ,O,4GWdsyBcjuM
향기가,O,4GWdsyBcjuM
 ,O,4GWdsyBcjuM
가득한,O,4GWdsyBcjuM
 ,O,4GWdsyBcjuM
마법속으로빠져,O,4GWdsyBcjuM
 ,O,4GWdsyBcjuM
들기,O,4GWdsyBcjuM
 ,O,4GWdsyBcjuM
충분한,O,4GWdsyBcjuM
 ,O,4GWdsyBcjuM
여행,O,4GWdsyBcjuM
 ,O,4GWdsyBcjuM
입니다.,O,4GWdsyBcjuM
ㅡㅡㅡ,ㅡㅡㅡ,4GWdsyBcjuM
안동하회마을,B_TOR,4GWdsyBcjuM
 ,O,4GWdsyBcjuM
여행/국내여행/국내여행,O,4GWdsyBcjuM
 ,O,4GWdsyBcjuM
브이로그/국내여행,O,4GWdsyBcjuM
 ,O,4GWdsyBcjuM
추천,O,4GWdsyBcjuM
ㅡㅡㅡ,ㅡㅡㅡ,4GWdsyBcjuM
안동,B_LOC,4GWdsyBcjuM
 ,O,4GWdsyBcjuM
하회마을,B_TOR,4GWdsyBcjuM
은,O,4GWdsyBcjuM
 ,O,4GWdsyBcjuM
우리나라의,O,4GWdsyBcjuM
 ,O,4GWdsyBcjuM
전통적인,O,4GWdsyBcjuM
 ,O,4GWdsyBcjuM
유교,O,4GWdsyBcjuM
문화가,O,4GWdsyBcjuM
 ,O,4GWdsyBcjuM
살아,O,4GWdsyBcjuM
 ,O,4GWdsyBcjuM
숨쉬고,O,4GWdsyBcjuM
 ,O,4GWdsyBcjuM
있는,O,4GWdsyBcjuM
 ,O,4GWdsyBcjuM
상징공간으로,O,4GWdsyBcjuM
 ,O,4GWdsyBcjuM
손꼽히는,O,4GWdsyBcjuM
 ,O,4GWdsyBcjuM
곳으로써,O,4GWdsyBcjuM
 ,O,4GWdsyBcjuM
가장,O,4GWdsyBcjuM
 ,O,4GWdsyBcjuM
한국적이며,O,4GWdsyBcjuM
 ,O,4GWdsyBcjuM
독창적인,O,4GWdsyBcjuM
 ,O,4GWdsyBcjuM
문화를,O,4GWdsyBcjuM
 ,O,4GWdsyBcjuM
간직한,O,4GWdsyBcjuM
 ,O,4GWdsyBcjuM
씨족마을,O,4GWdsyBcjuM
입니다.,O,4GWdsyBcjuM
 ,O,4GWdsyBcjuM
또,O,4GWdsyBcjuM
 ,O,4GWdsyBcjuM
하회마을,B_TOR,4GWdsyBcjuM
은,O,4GWdsyBcjuM
 ,O,4GWdsyBcjuM
자연에,O,4GWdsyBcjuM
 ,O,4GWdsyBcjuM
순응하며,O,4GWdsyBcjuM
 ,O,4GWdsyBcjuM
서로,O,4GWdsyBcjuM
 ,O,4GWdsyBcjuM
교감하고자,O,4GWdsyBcjuM
 ,O,4GWdsyBcjuM
한,O,4GWdsyBcjuM
 ,O,4GWdsyBcjuM
우리,O,4GWdsyBcjuM
 ,O,4GWdsyBcjuM
민족의,O,4GWdsyBcjuM
 ,O,4GWdsyBcjuM
자연관을,O,4GWdsyBcjuM
 ,O,4GWdsyBcjuM
바탕으로,O,4GWdsyBcjuM
 ,O,4GWdsyBcjuM
상호이해와,O,4GWdsyBcjuM
 ,O,4GWdsyBcjuM
소통을,O,4GWdsyBcjuM
 ,O,4GWdsyBcjuM
통해,O,4GWdsyBcjuM
 ,O,4GWdsyBcjuM
흐트러짐,O,4GWdsyBcjuM
 ,O,4GWdsyBcjuM
없는,O,4GWdsyBcjuM
 ,O,4GWdsyBcjuM
건전한,O,4GWdsyBcjuM
 ,O,4GWdsyBcjuM
공동체적,O,4GWdsyBcjuM
 ,O,4GWdsyBcjuM
삶을,O,4GWdsyBcjuM
 ,O,4GWdsyBcjuM
오늘날까지,O,4GWdsyBcjuM
 ,O,4GWdsyBcjuM
이어오고,O,4GWdsyBcjuM
 ,O,4GWdsyBcjuM
있는,O,4GWdsyBcjuM
 ,O,4GWdsyBcjuM
곳이기도,O,4GWdsyBcjuM
 ,O,4GWdsyBcjuM
합니다.,O,4GWdsyBcjuM
ㅡㅡㅡ,ㅡㅡㅡ,ㅡㅡㅡ
한옥마을 투어 ep.01,O,TrBZMiPexAU
 ,O,TrBZMiPexAU
➡,O,TrBZMiPexAU
 ,O,TrBZMiPexAU
http,O,TrBZMiPexAU
s://,O,TrBZMiPexAU
youtu.be/FFQOs9gQeLI,O,TrBZMiPexAU
ㅡㅡㅡ,ㅡㅡㅡ,TrBZMiPexAU
한옥마을 투어 ep.03,O,TrBZMiPexAU
 ,O,TrBZMiPexAU
➡,O,TrBZMiPexAU
 ,O,TrBZMiPexAU
http,O,TrBZMiPexAU
s://,O,TrBZMiPexAU
youtu.be/JMgdRCvZmMQ,O,TrBZMiPexAU
ㅡㅡㅡ,ㅡㅡㅡ,TrBZMiPexAU
#,O,TrBZMiPexAU
안동,B_LOC,TrBZMiPexAU
 ,O,TrBZMiPexAU
#,O,TrBZMiPexAU
한옥마을,O,TrBZMiPexAU
 ,O,TrBZMiPexAU
#여행,O,TrBZMiPexAU
ㅡㅡㅡ,ㅡㅡㅡ,ㅡㅡㅡ
Please,O,A1JSKLgrHSk
 ,O,A1JSKLgrHSk
turn,O,A1JSKLgrHSk
 ,O,A1JSKLgrHSk
on,O,A1JSKLgrHSk
 ,O,A1JSKLgrHSk
the,O,A1JSKLgrHSk
 ,O,A1JSKLgrHSk
caption,O,A1JSKLgrHSk
 ,O,A1JSKLgrHSk
in,O,A1JSKLgrHSk
 ,O,A1JSKLgrHSk
the,O,A1JSKLgrHSk
 ,O,A1JSKLgrHSk
video,O,A1JSKLgrHSk
 ,O,A1JSKLgrHSk
settings,O,A1JSKLgrHSk
ㅡㅡㅡ,ㅡㅡㅡ,A1JSKLgrHSk
"안녕하세요,",O,A1JSKLgrHSk
 ,O,A1JSKLgrHSk
여행하는,O,A1JSKLgrHSk
 ,O,A1JSKLgrHSk
핑초,O,A1JSKLgrHSk
입니다,O,A1JSKLgrHSk
ㅡㅡㅡ,ㅡㅡㅡ,A1JSKLgrHSk
요즘,O,A1JSKLgrHSk
 ,O,A1JSKLgrHSk
코로나 바이러스,O,A1JSKLgrHSk
때문에,O,A1JSKLgrHSk
 ,O,A1JSKLgrHSk
너무,O,A1JSKLgrHSk
 ,O,A1JSKLgrHSk
힘든,O,A1JSKLgrHSk
 ,O,A1JSKLgrHSk
시기네요.,O,A1JSKLgrHSk
ㅡㅡㅡ,ㅡㅡㅡ,A1JSKLgrHSk
일상은,O,A1JSKLgrHSk
 ,O,A1JSKLgrHSk
엉망이,O,A1JSKLgrHSk
 ,O,A1JSKLgrHSk
되었고,O,A1JSKLgrHSk
 ,O,A1JSKLgrHSk
외출도,O,A1JSKLgrHSk
 ,O,A1JSKLgrHSk
못하고,O,A1JSKLgrHSk
 ,O,A1JSKLgrHSk
여행도,O,A1JSKLgrHSk
 ,O,A1JSKLgrHSk
못하고,O,A1JSKLgrHSk
 ,O,A1JSKLgrHSk
있습니다.,O,A1JSKLgrHSk
 ,O,A1JSKLgrHSk
어서,O,A1JSKLgrHSk
 ,O,A1JSKLgrHSk
빨리,O,A1JSKLgrHSk
 ,O,A1JSKLgrHSk
회복되길,O,A1JSKLgrHSk
 ,O,A1JSKLgrHSk
간절히,O,A1JSKLgrHSk
 ,O,A1JSKLgrHSk
바라고,O,A1JSKLgrHSk
 ,O,A1JSKLgrHSk
있습니다.,O,A1JSKLgrHSk
 ,O,A1JSKLgrHSk
다들,O,A1JSKLgrHSk
 ,O,A1JSKLgrHSk
힘내자구요.,O,A1JSKLgrHSk
ㅡㅡㅡ,ㅡㅡㅡ,A1JSKLgrHSk
이번,O,A1JSKLgrHSk
 ,O,A1JSKLgrHSk
영상은,O,A1JSKLgrHSk
 ,O,A1JSKLgrHSk
지난번에,O,A1JSKLgrHSk
 ,O,A1JSKLgrHSk
다녀온,O,A1JSKLgrHSk
 ,O,A1JSKLgrHSk
안동,B_LOC,A1JSKLgrHSk
여행을,O,A1JSKLgrHSk
 ,O,A1JSKLgrHSk
기획해봤습니다.,O,A1JSKLgrHSk
 ,O,A1JSKLgrHSk
그리고,O,A1JSKLgrHSk
 ,O,A1JSKLgrHSk
소소한,O,A1JSKLgrHSk
 ,O,A1JSKLgrHSk
일상을,O,A1JSKLgrHSk
 ,O,A1JSKLgrHSk
담은,O,A1JSKLgrHSk
 ,O,A1JSKLgrHSk
브이로그입니다.,O,A1JSKLgrHSk
ㅡㅡㅡ,ㅡㅡㅡ,A1JSKLgrHSk
카메라,O,A1JSKLgrHSk
 ,O,A1JSKLgrHSk
-,O,A1JSKLgrHSk
 ,O,A1JSKLgrHSk
후지필름,O,A1JSKLgrHSk
 ,O,A1JSKLgrHSk
xt3,O,A1JSKLgrHSk
ㅡㅡㅡ,ㅡㅡㅡ,A1JSKLgrHSk
드론,O,A1JSKLgrHSk
 ,O,A1JSKLgrHSk
-,O,A1JSKLgrHSk
 ,O,A1JSKLgrHSk
매빅미니,O,A1JSKLgrHSk
ㅡㅡㅡ,ㅡㅡㅡ,A1JSKLgrHSk
*,O,A1JSKLgrHSk
 ,O,A1JSKLgrHSk
이,O,A1JSKLgrHSk
 ,O,A1JSKLgrHSk
영상의,O,A1JSKLgrHSk
 ,O,A1JSKLgrHSk
저작권,O,A1JSKLgrHSk
은,O,A1JSKLgrHSk
 ,O,A1JSKLgrHSk
여행하는,O,A1JSKLgrHSk
 ,O,A1JSKLgrHSk
핑초,O,A1JSKLgrHSk
 ,O,A1JSKLgrHSk
에게,O,A1JSKLgrHSk
 ,O,A1JSKLgrHSk
"있으며,",O,A1JSKLgrHSk
 ,O,A1JSKLgrHSk
영상,O,A1JSKLgrHSk
 ,O,A1JSKLgrHSk
다운로드,O,A1JSKLgrHSk
 ,O,A1JSKLgrHSk
및,O,A1JSKLgrHSk
 ,O,A1JSKLgrHSk
2차,O,A1JSKLgrHSk
 ,O,A1JSKLgrHSk
"편집,",O,A1JSKLgrHSk
 ,O,A1JSKLgrHSk
무단,O,A1JSKLgrHSk
 ,O,A1JSKLgrHSk
업로드를,O,A1JSKLgrHSk
 ,O,A1JSKLgrHSk
금지합니다.,O,A1JSKLgrHSk
 ,O,A1JSKLgrHSk
영상을,O,A1JSKLgrHSk
 ,O,A1JSKLgrHSk
공유하실,O,A1JSKLgrHSk
 ,O,A1JSKLgrHSk
땐,O,A1JSKLgrHSk
 ,O,A1JSKLgrHSk
유튜브,O,A1JSKLgrHSk
 ,O,A1JSKLgrHSk
링크를,O,A1JSKLgrHSk
 ,O,A1JSKLgrHSk
사용해주세요,O,A1JSKLgrHSk
ㅡㅡㅡ,ㅡㅡㅡ,A1JSKLgrHSk
Let's,O,A1JSKLgrHSk
 ,O,A1JSKLgrHSk
travel,O,A1JSKLgrHSk
 ,O,A1JSKLgrHSk
together,O,A1JSKLgrHSk
 ,O,A1JSKLgrHSk
to,O,A1JSKLgrHSk
 ,O,A1JSKLgrHSk
beautiful,O,A1JSKLgrHSk
 ,O,A1JSKLgrHSk
places,O,A1JSKLgrHSk
 ,O,A1JSKLgrHSk
in,O,A1JSKLgrHSk
 ,O,A1JSKLgrHSk
Korea,O,A1JSKLgrHSk
 ,O,A1JSKLgrHSk
through,O,A1JSKLgrHSk
 ,O,A1JSKLgrHSk
this,O,A1JSKLgrHSk
 ,O,A1JSKLgrHSk
channel,O,A1JSKLgrHSk
 ,O,A1JSKLgrHSk
next,O,A1JSKLgrHSk
 ,O,A1JSKLgrHSk
time.,O,A1JSKLgrHSk
ㅡㅡㅡ,ㅡㅡㅡ,A1JSKLgrHSk
It's,O,A1JSKLgrHSk
 ,O,A1JSKLgrHSk
a,O,A1JSKLgrHSk
 ,O,A1JSKLgrHSk
'Pinkcho,O,A1JSKLgrHSk
 ,O,A1JSKLgrHSk
travel',O,A1JSKLgrHSk
ㅡㅡㅡ,ㅡㅡㅡ,A1JSKLgrHSk
Copyright,O,A1JSKLgrHSk
 ,O,A1JSKLgrHSk
ⓒ,O,A1JSKLgrHSk
 ,O,A1JSKLgrHSk
2011,O,A1JSKLgrHSk
 ,O,A1JSKLgrHSk
by,O,A1JSKLgrHSk
 ,O,A1JSKLgrHSk
Pinkcho,O,A1JSKLgrHSk
 ,O,A1JSKLgrHSk
travel,O,A1JSKLgrHSk
 ,O,A1JSKLgrHSk
All,O,A1JSKLgrHSk
 ,O,A1JSKLgrHSk
rights,O,A1JSKLgrHSk
 ,O,A1JSKLgrHSk
reserved,O,A1JSKLgrHSk
ㅡㅡㅡ,ㅡㅡㅡ,A1JSKLgrHSk
*,O,A1JSKLgrHSk
 ,O,A1JSKLgrHSk
YOUTUB,O,A1JSKLgrHSk
E,O,A1JSKLgrHSk
 ,O,A1JSKLgrHSk
:,O,A1JSKLgrHSk
 ,O,A1JSKLgrHSk
https,O,A1JSKLgrHSk
://,O,A1JSKLgrHSk
www.,O,A1JSKLgrHSk
youtube.com/user/sangker7898,O,A1JSKLgrHSk
ㅡㅡㅡ,ㅡㅡㅡ,A1JSKLgrHSk
*,O,A1JSKLgrHSk
 ,O,A1JSKLgrHSk
INSTAGRAM,O,A1JSKLgrHSk
 ,O,A1JSKLgrHSk
:,O,A1JSKLgrHSk
 ,O,A1JSKLgrHSk
http,O,A1JSKLgrHSk
s://,O,A1JSKLgrHSk
www,O,A1JSKLgrHSk
.instagram.com/i_catbus,O,A1JSKLgrHSk
ㅡㅡㅡ,ㅡㅡㅡ,A1JSKLgrHSk
*,O,A1JSKLgrHSk
 ,O,A1JSKLgrHSk
FACEBOOK,O,A1JSKLgrHSk
 ,O,A1JSKLgrHSk
:,O,A1JSKLgrHSk
 ,O,A1JSKLgrHSk
h,O,A1JSKLgrHSk
ttps://,O,A1JSKLgrHSk
www,O,A1JSKLgrHSk
.facebook.com/sangke02,O,A1JSKLgrHSk
ㅡㅡㅡ,ㅡㅡㅡ,A1JSKLgrHSk
*,O,A1JSKLgrHSk
 ,O,A1JSKLgrHSk
BLOG,O,A1JSKLgrHSk
 ,O,A1JSKLgrHSk
:,O,A1JSKLgrHSk
 ,O,A1JSKLgrHSk
h,O,A1JSKLgrHSk
ttp,O,A1JSKLgrHSk
s://,O,A1JSKLgrHSk
blog.naver.com/rkdfurgkrp,O,A1JSKLgrHSk
 ,O,A1JSKLgrHSk
or,O,A1JSKLgrHSk
 ,O,A1JSKLgrHSk
h,O,A1JSKLgrHSk
ttp,O,A1JSKLgrHSk
s://pinkcho.tistory.com,O,A1JSKLgrHSk
ㅡㅡㅡ,ㅡㅡㅡ,ㅡㅡㅡ
경북,O,YMv1t-97PD4
 ,O,YMv1t-97PD4
안동,B_LOC,YMv1t-97PD4
에,O,YMv1t-97PD4
 ,O,YMv1t-97PD4
있는,O,YMv1t-97PD4
 ,O,YMv1t-97PD4
유네스코,O,YMv1t-97PD4
 ,O,YMv1t-97PD4
세계문화유산,O,YMv1t-97PD4
 ,O,YMv1t-97PD4
하회마을,B_TOR,YMv1t-97PD4
에,O,YMv1t-97PD4
 ,O,YMv1t-97PD4
다녀왔습니다.,O,YMv1t-97PD4
 ,O,YMv1t-97PD4
고즈넉한,O,YMv1t-97PD4
 ,O,YMv1t-97PD4
한옥마을,O,YMv1t-97PD4
에서,O,YMv1t-97PD4
 ,O,YMv1t-97PD4
타이치도,O,YMv1t-97PD4
 ,O,YMv1t-97PD4
해보았습니다.,O,YMv1t-97PD4
ㅡㅡㅡ,ㅡㅡㅡ,YMv1t-97PD4
#,O,YMv1t-97PD4
유네스코세계문화유산,O,YMv1t-97PD4
 ,O,YMv1t-97PD4
#,O,YMv1t-97PD4
하회마을,B_TOR,YMv1t-97PD4
 ,O,YMv1t-97PD4
#한옥,O,YMv1t-97PD4
ㅡㅡㅡ,ㅡㅡㅡ,YMv1t-97PD4
밝은빛,O,YMv1t-97PD4
 ,O,YMv1t-97PD4
태극권,O,YMv1t-97PD4
 ,O,YMv1t-97PD4
홈페이지,O,YMv1t-97PD4
ㅡㅡㅡ,ㅡㅡㅡ,YMv1t-97PD4
http://,O,YMv1t-97PD4
www.taichilife.co.kr,O,YMv1t-97PD4
ㅡㅡㅡ,ㅡㅡㅡ,YMv1t-97PD4
교육,O,YMv1t-97PD4
 ,O,YMv1t-97PD4
및,O,YMv1t-97PD4
 ,O,YMv1t-97PD4
기타,O,YMv1t-97PD4
 ,O,YMv1t-97PD4
문의사항은,O,YMv1t-97PD4
 ,O,YMv1t-97PD4
아래,O,YMv1t-97PD4
 ,O,YMv1t-97PD4
이메일로,O,YMv1t-97PD4
 ,O,YMv1t-97PD4
연락,O,YMv1t-97PD4
 ,O,YMv1t-97PD4
주시기,O,YMv1t-97PD4
 ,O,YMv1t-97PD4
바랍니다.,O,YMv1t-97PD4
ㅡㅡㅡ,ㅡㅡㅡ,YMv1t-97PD4
likesui0,O,YMv1t-97PD4
@,O,YMv1t-97PD4
gmail.com,O,YMv1t-97PD4
ㅡㅡㅡ,ㅡㅡㅡ,ㅡㅡㅡ
안동,B_LOC,ruxHgoNfJeE
여행,O,ruxHgoNfJeE
 ,O,ruxHgoNfJeE
VLOG,O,ruxHgoNfJeE
 ,O,ruxHgoNfJeE
입니다,O,ruxHgoNfJeE
ㅡㅡㅡ,ㅡㅡㅡ,ruxHgoNfJeE
*,O,ruxHgoNfJeE
 ,O,ruxHgoNfJeE
BGM,O,ruxHgoNfJeE
 ,O,ruxHgoNfJeE
:,O,ruxHgoNfJeE
 ,O,ruxHgoNfJeE
JAMENDO,O,ruxHgoNfJeE
 ,O,ruxHgoNfJeE
MUSIC,O,ruxHgoNfJeE
ㅡㅡㅡ,ㅡㅡㅡ,ruxHgoNfJeE
The Christmas Waltz,O,ruxHgoNfJeE
 ,O,ruxHgoNfJeE
-,O,ruxHgoNfJeE
 ,O,ruxHgoNfJeE
The Piano Lady Lena Orsa,O,ruxHgoNfJeE
ㅡㅡㅡ,ㅡㅡㅡ,ㅡㅡㅡ
촬영일자,O,EroHgk3IOu8
 ,O,EroHgk3IOu8
2021.03.28,O,EroHgk3IOu8
ㅡㅡㅡ,ㅡㅡㅡ,EroHgk3IOu8
다행히,O,EroHgk3IOu8
 ,O,EroHgk3IOu8
둘째 날,O,EroHgk3IOu8
은,O,EroHgk3IOu8
 ,O,EroHgk3IOu8
비가,O,EroHgk3IOu8
 ,O,EroHgk3IOu8
오지,O,EroHgk3IOu8
 ,O,EroHgk3IOu8
않았던,O,EroHgk3IOu8
 ,O,EroHgk3IOu8
안동,B_LOC,EroHgk3IOu8
 ,O,EroHgk3IOu8
여행.,O,EroHgk3IOu8
ㅡㅡㅡ,ㅡㅡㅡ,EroHgk3IOu8
비,O,EroHgk3IOu8
 ,O,EroHgk3IOu8
오는,O,EroHgk3IOu8
 ,O,EroHgk3IOu8
"날,",O,EroHgk3IOu8
 ,O,EroHgk3IOu8
맑은,O,EroHgk3IOu8
 ,O,EroHgk3IOu8
날,O,EroHgk3IOu8
 ,O,EroHgk3IOu8
각각의,O,EroHgk3IOu8
 ,O,EroHgk3IOu8
장단점이,O,EroHgk3IOu8
 ,O,EroHgk3IOu8
있으니,O,EroHgk3IOu8
 ,O,EroHgk3IOu8
운이,O,EroHgk3IOu8
 ,O,EroHgk3IOu8
좋다고,O,EroHgk3IOu8
 ,O,EroHgk3IOu8
해야,O,EroHgk3IOu8
 ,O,EroHgk3IOu8
할까요?,O,EroHgk3IOu8
ㅡㅡㅡ,ㅡㅡㅡ,EroHgk3IOu8
잘,O,EroHgk3IOu8
 ,O,EroHgk3IOu8
"먹고,",O,EroHgk3IOu8
 ,O,EroHgk3IOu8
잘,O,EroHgk3IOu8
 ,O,EroHgk3IOu8
"놀고,",O,EroHgk3IOu8
 ,O,EroHgk3IOu8
즐겁게,O,EroHgk3IOu8
 ,O,EroHgk3IOu8
사는,O,EroHgk3IOu8
 ,O,EroHgk3IOu8
부부,O,EroHgk3IOu8
의,O,EroHgk3IOu8
 ,O,EroHgk3IOu8
소소한,O,EroHgk3IOu8
 ,O,EroHgk3IOu8
일상을,O,EroHgk3IOu8
 ,O,EroHgk3IOu8
담는,O,EroHgk3IOu8
 ,O,EroHgk3IOu8
채널입니다.,O,EroHgk3IOu8
ㅡㅡㅡ,ㅡㅡㅡ,EroHgk3IOu8
좋은,O,EroHgk3IOu8
 ,O,EroHgk3IOu8
영상을,O,EroHgk3IOu8
 ,O,EroHgk3IOu8
만들기위해,O,EroHgk3IOu8
 ,O,EroHgk3IOu8
항상,O,EroHgk3IOu8
 ,O,EroHgk3IOu8
노력하겠습니다.,O,EroHgk3IOu8
ㅡㅡㅡ,ㅡㅡㅡ,EroHgk3IOu8
"시청,",O,EroHgk3IOu8
 ,O,EroHgk3IOu8
구독,O,EroHgk3IOu8
 ,O,EroHgk3IOu8
감사합니다.,O,EroHgk3IOu8
ㅡㅡㅡ,ㅡㅡㅡ,EroHgk3IOu8
좋은,O,EroHgk3IOu8
 ,O,EroHgk3IOu8
하루,O,EroHgk3IOu8
 ,O,EroHgk3IOu8
되세요,O,EroHgk3IOu8
 ,O,EroHgk3IOu8
❤,O,EroHgk3IOu8
ㅡㅡㅡ,ㅡㅡㅡ,EroHgk3IOu8
Let's,O,EroHgk3IOu8
 ,O,EroHgk3IOu8
eat,O,EroHgk3IOu8
 ,O,EroHgk3IOu8
"well,",O,EroHgk3IOu8
 ,O,EroHgk3IOu8
play,O,EroHgk3IOu8
 ,O,EroHgk3IOu8
"well,",O,EroHgk3IOu8
 ,O,EroHgk3IOu8
and,O,EroHgk3IOu8
 ,O,EroHgk3IOu8
live,O,EroHgk3IOu8
 ,O,EroHgk3IOu8
well.,O,EroHgk3IOu8
ㅡㅡㅡ,ㅡㅡㅡ,EroHgk3IOu8
We'll,O,EroHgk3IOu8
 ,O,EroHgk3IOu8
always,O,EroHgk3IOu8
 ,O,EroHgk3IOu8
try,O,EroHgk3IOu8
 ,O,EroHgk3IOu8
to,O,EroHgk3IOu8
 ,O,EroHgk3IOu8
make,O,EroHgk3IOu8
 ,O,EroHgk3IOu8
a,O,EroHgk3IOu8
 ,O,EroHgk3IOu8
good,O,EroHgk3IOu8
 ,O,EroHgk3IOu8
videos.,O,EroHgk3IOu8
ㅡㅡㅡ,ㅡㅡㅡ,EroHgk3IOu8
Thank,O,EroHgk3IOu8
 ,O,EroHgk3IOu8
you,O,EroHgk3IOu8
 ,O,EroHgk3IOu8
so,O,EroHgk3IOu8
 ,O,EroHgk3IOu8
much,O,EroHgk3IOu8
 ,O,EroHgk3IOu8
for,O,EroHgk3IOu8
 ,O,EroHgk3IOu8
watching,O,EroHgk3IOu8
 ,O,EroHgk3IOu8
and,O,EroHgk3IOu8
 ,O,EroHgk3IOu8
Subscription.,O,EroHgk3IOu8
ㅡㅡㅡ,ㅡㅡㅡ,EroHgk3IOu8
Have,O,EroHgk3IOu8
 ,O,EroHgk3IOu8
a,O,EroHgk3IOu8
 ,O,EroHgk3IOu8
good,O,EroHgk3IOu8
 ,O,EroHgk3IOu8
time❤,O,EroHgk3IOu8
ㅡㅡㅡ,ㅡㅡㅡ,EroHgk3IOu8
#여행Vlog,O,EroHgk3IOu8
 ,O,EroHgk3IOu8
#,O,EroHgk3IOu8
안동,B_LOC,EroHgk3IOu8
여행,O,EroHgk3IOu8
 ,O,EroHgk3IOu8
#,O,EroHgk3IOu8
안동,B_TOR,EroHgk3IOu8
하회마을,I_TOR,EroHgk3IOu8
 ,O,EroHgk3IOu8
#,O,EroHgk3IOu8
안동,O,EroHgk3IOu8
가볼만한곳,O,EroHgk3IOu8
 ,O,EroHgk3IOu8
#,O,EroHgk3IOu8
치암고택,O,EroHgk3IOu8
 ,O,EroHgk3IOu8
#,O,EroHgk3IOu8
병산서원,B_TOR,EroHgk3IOu8
ㅡㅡㅡ,ㅡㅡㅡ,EroHgk3IOu8
Music,O,EroHgk3IOu8
 ,O,EroHgk3IOu8
provided,O,EroHgk3IOu8
 ,O,EroHgk3IOu8
by,O,EroHgk3IOu8
 ,O,EroHgk3IOu8
브금,O,EroHgk3IOu8
대통령,O,EroHgk3IOu8
ㅡㅡㅡ,ㅡㅡㅡ,EroHgk3IOu8
Track,O,EroHgk3IOu8
 ,O,EroHgk3IOu8
:,O,EroHgk3IOu8
 ,O,EroHgk3IOu8
우리동네,O,EroHgk3IOu8
 ,O,EroHgk3IOu8
한바퀴,O,EroHgk3IOu8
 ,O,EroHgk3IOu8
-,O,EroHgk3IOu8
 ,O,EroHgk3IOu8
https,O,EroHgk3IOu8
://,O,EroHgk3IOu8
youtu.be/iyaIxy9KQJQ,O,EroHgk3IOu8
ㅡㅡㅡ,ㅡㅡㅡ,EroHgk3IOu8
Track,O,EroHgk3IOu8
 ,O,EroHgk3IOu8
:,O,EroHgk3IOu8
 ,O,EroHgk3IOu8
Paesaggio Italiano,O,EroHgk3IOu8
 ,O,EroHgk3IOu8
-,O,EroHgk3IOu8
 ,O,EroHgk3IOu8
https://,O,EroHgk3IOu8
youtu.be/9PRnPdgNhMI,O,EroHgk3IOu8
ㅡㅡㅡ,ㅡㅡㅡ,EroHgk3IOu8
Track,O,EroHgk3IOu8
 ,O,EroHgk3IOu8
:,O,EroHgk3IOu8
 ,O,EroHgk3IOu8
Some Vintage,O,EroHgk3IOu8
 ,O,EroHgk3IOu8
Moo,O,EroHgk3IOu8
d,O,EroHgk3IOu8
 ,O,EroHgk3IOu8
with,O,EroHgk3IOu8
 ,O,EroHgk3IOu8
아리랑,O,EroHgk3IOu8
 ,O,EroHgk3IOu8
-,O,EroHgk3IOu8
 ,O,EroHgk3IOu8
h,O,EroHgk3IOu8
ttp,O,EroHgk3IOu8
s://,O,EroHgk3IOu8
youtu,O,EroHgk3IOu8
.be/8vKne0eyGgA,O,EroHgk3IOu8
ㅡㅡㅡ,ㅡㅡㅡ,EroHgk3IOu8
Track,O,EroHgk3IOu8
 ,O,EroHgk3IOu8
:,O,EroHgk3IOu8
 ,O,EroHgk3IOu8
Naptime!,O,EroHgk3IOu8
 ,O,EroHgk3IOu8
-,O,EroHgk3IOu8
 ,O,EroHgk3IOu8
http,O,EroHgk3IOu8
s://,O,EroHgk3IOu8
youtu.be/SeD8Zo73-w4,O,EroHgk3IOu8
ㅡㅡㅡ,ㅡㅡㅡ,ㅡㅡㅡ
#,O,VwuKN2lnnlI
안동,B_LOC,VwuKN2lnnlI
 ,O,VwuKN2lnnlI
#여행,O,VwuKN2lnnlI
 ,O,VwuKN2lnnlI
#예콤,O,VwuKN2lnnlI
ㅡㅡㅡ,ㅡㅡㅡ,VwuKN2lnnlI
예하:),O,VwuKN2lnnlI
ㅡㅡㅡ,ㅡㅡㅡ,VwuKN2lnnlI
즐겁게,O,VwuKN2lnnlI
 ,O,VwuKN2lnnlI
시청해주시고,O,VwuKN2lnnlI
 ,O,VwuKN2lnnlI
구독,O,VwuKN2lnnlI
 ,O,VwuKN2lnnlI
좋아요,O,VwuKN2lnnlI
 ,O,VwuKN2lnnlI
부탁드려요,O,VwuKN2lnnlI
ㅡㅡㅡ,ㅡㅡㅡ,VwuKN2lnnlI
감사합니다♥,O,VwuKN2lnnlI
ㅡㅡㅡ,ㅡㅡㅡ,ㅡㅡㅡ
반가워요,O,IStpDXS5vWg
 ,O,IStpDXS5vWg
!,O,IStpDXS5vWg
 ,O,IStpDXS5vWg
Hola,O,IStpDXS5vWg
 ,O,IStpDXS5vWg
Chicos!,O,IStpDXS5vWg
ㅡㅡㅡ,ㅡㅡㅡ,IStpDXS5vWg
광고,O,IStpDXS5vWg
 ,O,IStpDXS5vWg
및,O,IStpDXS5vWg
 ,O,IStpDXS5vWg
섭외문의,O,IStpDXS5vWg
 ,O,IStpDXS5vWg
(Mi,O,IStpDXS5vWg
 ,O,IStpDXS5vWg
email),O,IStpDXS5vWg
 ,O,IStpDXS5vWg
:,O,IStpDXS5vWg
 ,O,IStpDXS5vWg
hoonshaus32@naver,O,IStpDXS5vWg
.co,O,IStpDXS5vWg
m,O,IStpDXS5vWg
ㅡㅡㅡ,ㅡㅡㅡ,IStpDXS5vWg
FaceBook,O,IStpDXS5vWg
 ,O,IStpDXS5vWg
:,O,IStpDXS5vWg
 ,O,IStpDXS5vWg
https:,O,IStpDXS5vWg
//,O,IStpDXS5vWg
www.facebook.com/profile.php?id=100009636219920,O,IStpDXS5vWg
ㅡㅡㅡ,ㅡㅡㅡ,IStpDXS5vWg
Instagram,O,IStpDXS5vWg
 ,O,IStpDXS5vWg
:,O,IStpDXS5vWg
 ,O,IStpDXS5vWg
https:,O,IStpDXS5vWg
//,O,IStpDXS5vWg
www,O,IStpDXS5vWg
.instagram.com/hoons_instargram/?hl,O,IStpDXS5vWg
ko,O,IStpDXS5vWg
ㅡㅡㅡ,ㅡㅡㅡ,IStpDXS5vWg
#corenovlog,O,IStpDXS5vWg
 ,O,IStpDXS5vWg
#체대생브이로그,O,IStpDXS5vWg
 ,O,IStpDXS5vWg
#corean,O,IStpDXS5vWg
ㅡㅡㅡ,ㅡㅡㅡ,ㅡㅡㅡ
#NAME?,O,os3lNo-1aaM
 ,O,os3lNo-1aaM
mail:,O,os3lNo-1aaM
 ,O,os3lNo-1aaM
kirok0011@gmail.com,O,os3lNo-1aaM
ㅡㅡㅡ,ㅡㅡㅡ,os3lNo-1aaM
#,O,os3lNo-1aaM
자취생,O,os3lNo-1aaM
브이로그,O,os3lNo-1aaM
 ,O,os3lNo-1aaM
#,O,os3lNo-1aaM
호떡믹스,O,os3lNo-1aaM
요리,O,os3lNo-1aaM
 ,O,os3lNo-1aaM
#도시락만들기,O,os3lNo-1aaM
ㅡㅡㅡ,ㅡㅡㅡ,os3lNo-1aaM
*설정,O,os3lNo-1aaM
 ,O,os3lNo-1aaM
-,O,os3lNo-1aaM
 ,O,os3lNo-1aaM
고급,O,os3lNo-1aaM
 ,O,os3lNo-1aaM
-,O,os3lNo-1aaM
 ,O,os3lNo-1aaM
2160p,O,os3lNo-1aaM
 ,O,os3lNo-1aaM
(,O,os3lNo-1aaM
4k,O,os3lNo-1aaM
)로,O,os3lNo-1aaM
 ,O,os3lNo-1aaM
설정해주세요!,O,os3lNo-1aaM
ㅡㅡㅡ,ㅡㅡㅡ,os3lNo-1aaM
안녕하세요!,O,os3lNo-1aaM
 ,O,os3lNo-1aaM
기록,O,os3lNo-1aaM
 ,O,os3lNo-1aaM
k,O,os3lNo-1aaM
irok,O,os3lNo-1aaM
이예요,O,os3lNo-1aaM
 ,O,os3lNo-1aaM
:D,O,os3lNo-1aaM
ㅡㅡㅡ,ㅡㅡㅡ,os3lNo-1aaM
다들,O,os3lNo-1aaM
 ,O,os3lNo-1aaM
이번 주,O,os3lNo-1aaM
도,O,os3lNo-1aaM
 ,O,os3lNo-1aaM
고생,O,os3lNo-1aaM
 ,O,os3lNo-1aaM
많으셨어요!,O,os3lNo-1aaM
ㅡㅡㅡ,ㅡㅡㅡ,os3lNo-1aaM
이번,O,os3lNo-1aaM
 ,O,os3lNo-1aaM
영상은,O,os3lNo-1aaM
 ,O,os3lNo-1aaM
시험,O,os3lNo-1aaM
 ,O,os3lNo-1aaM
본,O,os3lNo-1aaM
 ,O,os3lNo-1aaM
것,O,os3lNo-1aaM
 ,O,os3lNo-1aaM
제외하고,O,os3lNo-1aaM
 ,O,os3lNo-1aaM
다,O,os3lNo-1aaM
 ,O,os3lNo-1aaM
먹는,O,os3lNo-1aaM
 ,O,os3lNo-1aaM
일상입니닷,O,os3lNo-1aaM
ㅡㅡㅡ,ㅡㅡㅡ,os3lNo-1aaM
엄청,O,os3lNo-1aaM
 ,O,os3lNo-1aaM
먹으며,O,os3lNo-1aaM
 ,O,os3lNo-1aaM
보낸,O,os3lNo-1aaM
 ,O,os3lNo-1aaM
날들..,O,os3lNo-1aaM
ㅡㅡㅡ,ㅡㅡㅡ,os3lNo-1aaM
그럼,O,os3lNo-1aaM
 ,O,os3lNo-1aaM
이번,O,os3lNo-1aaM
 ,O,os3lNo-1aaM
영상도,O,os3lNo-1aaM
 ,O,os3lNo-1aaM
편안하게,O,os3lNo-1aaM
 ,O,os3lNo-1aaM
시청해주세요,O,os3lNo-1aaM
 ,O,os3lNo-1aaM
❤,O,os3lNo-1aaM
ㅡㅡㅡ,ㅡㅡㅡ,os3lNo-1aaM
0:00,O,os3lNo-1aaM
 ,O,os3lNo-1aaM
시작,O,os3lNo-1aaM
ㅡㅡㅡ,ㅡㅡㅡ,os3lNo-1aaM
0:23,O,os3lNo-1aaM
 ,O,os3lNo-1aaM
치킨마요덮밥,O,os3lNo-1aaM
ㅡㅡㅡ,ㅡㅡㅡ,os3lNo-1aaM
2:00,O,os3lNo-1aaM
 ,O,os3lNo-1aaM
계란장,O,os3lNo-1aaM
ㅡㅡㅡ,ㅡㅡㅡ,os3lNo-1aaM
7:00,O,os3lNo-1aaM
 ,O,os3lNo-1aaM
안동,B_LOC,os3lNo-1aaM
 ,O,os3lNo-1aaM
구경,O,os3lNo-1aaM
ㅡㅡㅡ,ㅡㅡㅡ,os3lNo-1aaM
9:12,O,os3lNo-1aaM
 ,O,os3lNo-1aaM
호떡믹스,O,os3lNo-1aaM
 ,O,os3lNo-1aaM
소세지빵,O,os3lNo-1aaM
ㅡㅡㅡ,ㅡㅡㅡ,os3lNo-1aaM
13:37,O,os3lNo-1aaM
 ,O,os3lNo-1aaM
라이스페이퍼,O,os3lNo-1aaM
 ,O,os3lNo-1aaM
로제떡볶이,O,os3lNo-1aaM
ㅡㅡㅡ,ㅡㅡㅡ,os3lNo-1aaM
16:08,O,os3lNo-1aaM
 ,O,os3lNo-1aaM
도시락(,O,os3lNo-1aaM
햄유부초밥,O,os3lNo-1aaM
",",O,os3lNo-1aaM
 ,O,os3lNo-1aaM
크래미깻잎전,O,os3lNo-1aaM
),O,os3lNo-1aaM
ㅡㅡㅡ,ㅡㅡㅡ,os3lNo-1aaM
18:30,O,os3lNo-1aaM
 ,O,os3lNo-1aaM
감자,O,os3lNo-1aaM
짜글이,O,os3lNo-1aaM
ㅡㅡㅡ,ㅡㅡㅡ,os3lNo-1aaM
*BGM,O,os3lNo-1aaM
ㅡㅡㅡ,ㅡㅡㅡ,os3lNo-1aaM
Song,O,os3lNo-1aaM
 ,O,os3lNo-1aaM
:,O,os3lNo-1aaM
 ,O,os3lNo-1aaM
샛별,O,os3lNo-1aaM
 ,O,os3lNo-1aaM
-,O,os3lNo-1aaM
 ,O,os3lNo-1aaM
Sugar bea,O,os3lNo-1aaM
ch,O,os3lNo-1aaM
 ,O,os3lNo-1aaM
/,O,os3lNo-1aaM
 ,O,os3lNo-1aaM
https://,O,os3lNo-1aaM
youtu.be/nPNw-tkU5WY,O,os3lNo-1aaM
ㅡㅡㅡ,ㅡㅡㅡ,os3lNo-1aaM
Son,O,os3lNo-1aaM
g,O,os3lNo-1aaM
 ,O,os3lNo-1aaM
:,O,os3lNo-1aaM
 ,O,os3lNo-1aaM
샛별,O,os3lNo-1aaM
 ,O,os3lNo-1aaM
-,O,os3lNo-1aaM
 ,O,os3lNo-1aaM
Cozy Place,O,os3lNo-1aaM
 ,O,os3lNo-1aaM
/,O,os3lNo-1aaM
 ,O,os3lNo-1aaM
https://,O,os3lNo-1aaM
youtu.be/xaDkoBzA4mo,O,os3lNo-1aaM
ㅡㅡㅡ,ㅡㅡㅡ,os3lNo-1aaM
Son,O,os3lNo-1aaM
g,O,os3lNo-1aaM
 ,O,os3lNo-1aaM
:,O,os3lNo-1aaM
 ,O,os3lNo-1aaM
샛별,O,os3lNo-1aaM
 ,O,os3lNo-1aaM
-,O,os3lNo-1aaM
 ,O,os3lNo-1aaM
너를 좋아하는 이유,O,os3lNo-1aaM
(,O,os3lNo-1aaM
piano ver,O,os3lNo-1aaM
.),O,os3lNo-1aaM
 ,O,os3lNo-1aaM
/,O,os3lNo-1aaM
 ,O,os3lNo-1aaM
https://,O,os3lNo-1aaM
youtu.be/U1qfFHGV4Mo,O,os3lNo-1aaM
ㅡㅡㅡ,ㅡㅡㅡ,os3lNo-1aaM
Song,O,os3lNo-1aaM
 ,O,os3lNo-1aaM
:,O,os3lNo-1aaM
 ,O,os3lNo-1aaM
샛별,O,os3lNo-1aaM
 ,O,os3lNo-1aaM
-,O,os3lNo-1aaM
 ,O,os3lNo-1aaM
SOSO,O,os3lNo-1aaM
 ,O,os3lNo-1aaM
/,O,os3lNo-1aaM
 ,O,os3lNo-1aaM
https://,O,os3lNo-1aaM
youtu.be/,O,os3lNo-1aaM
any_Ha0SdX8,O,os3lNo-1aaM
ㅡㅡㅡ,ㅡㅡㅡ,os3lNo-1aaM
Song,O,os3lNo-1aaM
 ,O,os3lNo-1aaM
:,O,os3lNo-1aaM
 ,O,os3lNo-1aaM
샛별,O,os3lNo-1aaM
 ,O,os3lNo-1aaM
-,O,os3lNo-1aaM
 ,O,os3lNo-1aaM
Lemon Cake,O,os3lNo-1aaM
 ,O,os3lNo-1aaM
/,O,os3lNo-1aaM
 ,O,os3lNo-1aaM
https://,O,os3lNo-1aaM
youtu.be,O,os3lNo-1aaM
/AunAZS5yYmw,O,os3lNo-1aaM
ㅡㅡㅡ,ㅡㅡㅡ,os3lNo-1aaM
Artist,O,os3lNo-1aaM
 ,O,os3lNo-1aaM
:,O,os3lNo-1aaM
 ,O,os3lNo-1aaM
오늘의,O,os3lNo-1aaM
 ,O,os3lNo-1aaM
일기,O,os3lNo-1aaM
ㅡㅡㅡ,ㅡㅡㅡ,os3lNo-1aaM
Title,O,os3lNo-1aaM
 ,O,os3lNo-1aaM
:,O,os3lNo-1aaM
 ,O,os3lNo-1aaM
톡톡 크림브륄레,O,os3lNo-1aaM
 ,O,os3lNo-1aaM
(Link,O,os3lNo-1aaM
 ,O,os3lNo-1aaM
:,O,os3lNo-1aaM
 ,O,os3lNo-1aaM
https://,O,os3lNo-1aaM
youtu.be/kX-OrMe0P9k,O,os3lNo-1aaM
),O,os3lNo-1aaM
ㅡㅡㅡ,ㅡㅡㅡ,os3lNo-1aaM
구독과,O,os3lNo-1aaM
 ,O,os3lNo-1aaM
"좋아요,",O,os3lNo-1aaM
 ,O,os3lNo-1aaM
알림,O,os3lNo-1aaM
 ,O,os3lNo-1aaM
설정,O,os3lNo-1aaM
 ,O,os3lNo-1aaM
부탁드려요,O,os3lNo-1aaM
 ,O,os3lNo-1aaM
감사합니다!,O,os3lNo-1aaM
ㅡㅡㅡ,ㅡㅡㅡ,ㅡㅡㅡ
여러분,O,RXPpmhNPlR8
 ,O,RXPpmhNPlR8
새해,O,RXPpmhNPlR8
 ,O,RXPpmhNPlR8
복,O,RXPpmhNPlR8
 ,O,RXPpmhNPlR8
많이,O,RXPpmhNPlR8
 ,O,RXPpmhNPlR8
받으세요!,O,RXPpmhNPlR8
ㅡㅡㅡ,ㅡㅡㅡ,RXPpmhNPlR8
오전,O,RXPpmhNPlR8
에,O,RXPpmhNPlR8
 ,O,RXPpmhNPlR8
일찍,O,RXPpmhNPlR8
 ,O,RXPpmhNPlR8
올리고,O,RXPpmhNPlR8
 ,O,RXPpmhNPlR8
싶었는데..,O,RXPpmhNPlR8
ㅡㅡㅡ,ㅡㅡㅡ,RXPpmhNPlR8
먹고,O,RXPpmhNPlR8
 ,O,RXPpmhNPlR8
쉬고하다보니,O,RXPpmhNPlR8
 ,O,RXPpmhNPlR8
이제서야,O,RXPpmhNPlR8
 ,O,RXPpmhNPlR8
편집을,O,RXPpmhNPlR8
 ,O,RXPpmhNPlR8
완료해서,O,RXPpmhNPlR8
 ,O,RXPpmhNPlR8
올렸네요..,O,RXPpmhNPlR8
ㅡㅡㅡ,ㅡㅡㅡ,RXPpmhNPlR8
이번편도,O,RXPpmhNPlR8
 ,O,RXPpmhNPlR8
재밌게,O,RXPpmhNPlR8
 ,O,RXPpmhNPlR8
봐주세요!,O,RXPpmhNPlR8
ㅡㅡㅡ,ㅡㅡㅡ,RXPpmhNPlR8
Instagram,O,RXPpmhNPlR8
 ,O,RXPpmhNPlR8
-,O,RXPpmhNPlR8
 ,O,RXPpmhNPlR8
http://,O,RXPpmhNPlR8
www.instagram.com/cafe.dorothy,O,RXPpmhNPlR8
ㅡㅡㅡ,ㅡㅡㅡ,RXPpmhNPlR8
음원출처,O,RXPpmhNPlR8
 ,O,RXPpmhNPlR8
Novel Music,O,RXPpmhNPlR8
 ,O,RXPpmhNPlR8
음원트랙,O,RXPpmhNPlR8
 ,O,RXPpmhNPlR8
까치까치,O,RXPpmhNPlR8
 ,O,RXPpmhNPlR8
설날 왈츠,O,RXPpmhNPlR8
 ,O,RXPpmhNPlR8
http,O,RXPpmhNPlR8
s://,O,RXPpmhNPlR8
youtu.be/jLwD7yBjEXE,O,RXPpmhNPlR8
ㅡㅡㅡ,ㅡㅡㅡ,RXPpmhNPlR8
Music,O,RXPpmhNPlR8
 ,O,RXPpmhNPlR8
provided,O,RXPpmhNPlR8
 ,O,RXPpmhNPlR8
by,O,RXPpmhNPlR8
 ,O,RXPpmhNPlR8
브금,O,RXPpmhNPlR8
대통령,O,RXPpmhNPlR8
ㅡㅡㅡ,ㅡㅡㅡ,RXPpmhNPlR8
Track,O,RXPpmhNPlR8
 ,O,RXPpmhNPlR8
:,O,RXPpmhNPlR8
 ,O,RXPpmhNPlR8
날아라 슈퍼코기,O,RXPpmhNPlR8
 ,O,RXPpmhNPlR8
-,O,RXPpmhNPlR8
 ,O,RXPpmhNPlR8
http,O,RXPpmhNPlR8
s://,O,RXPpmhNPlR8
youtu,O,RXPpmhNPlR8
.be/PZlQXsEPJ6M,O,RXPpmhNPlR8
ㅡㅡㅡ,ㅡㅡㅡ,RXPpmhNPlR8
Track,O,RXPpmhNPlR8
 ,O,RXPpmhNPlR8
:,O,RXPpmhNPlR8
 ,O,RXPpmhNPlR8
Piece of Cake 2,O,RXPpmhNPlR8
 ,O,RXPpmhNPlR8
-,O,RXPpmhNPlR8
 ,O,RXPpmhNPlR8
https://,O,RXPpmhNPlR8
youtu,O,RXPpmhNPlR8
.be/B-4vvVxJX1I,O,RXPpmhNPlR8
ㅡㅡㅡ,ㅡㅡㅡ,RXPpmhNPlR8
Music,O,RXPpmhNPlR8
 ,O,RXPpmhNPlR8
Provided,O,RXPpmhNPlR8
 ,O,RXPpmhNPlR8
by,O,RXPpmhNPlR8
 ,O,RXPpmhNPlR8
음악팀,O,RXPpmhNPlR8
 ,O,RXPpmhNPlR8
(,O,RXPpmhNPlR8
TeamMusicCreative,O,RXPpmhNPlR8
),O,RXPpmhNPlR8
ㅡㅡㅡ,ㅡㅡㅡ,RXPpmhNPlR8
Track,O,RXPpmhNPlR8
 ,O,RXPpmhNPlR8
:,O,RXPpmhNPlR8
 ,O,RXPpmhNPlR8
Coffee,O,RXPpmhNPlR8
 ,O,RXPpmhNPlR8
time,O,RXPpmhNPlR8
 ,O,RXPpmhNPlR8
-,O,RXPpmhNPlR8
 ,O,RXPpmhNPlR8
h,O,RXPpmhNPlR8
ttp,O,RXPpmhNPlR8
s://,O,RXPpmhNPlR8
youtu.be/0pGK_ZBltZ4,O,RXPpmhNPlR8
ㅡㅡㅡ,ㅡㅡㅡ,RXPpmhNPlR8
#디저트카페브이로그#카페브이로그#베이킹,O,RXPpmhNPlR8
ㅡㅡㅡ,ㅡㅡㅡ,ㅡㅡㅡ
안동,B_LOC,alVHoqTOHdE
 ,O,alVHoqTOHdE
#,O,alVHoqTOHdE
하회별신굿탈놀이,O,alVHoqTOHdE
 ,O,alVHoqTOHdE
상설공연,O,alVHoqTOHdE
ㅡㅡㅡ,ㅡㅡㅡ,alVHoqTOHdE
안동,B_LOC,alVHoqTOHdE
답게,O,alVHoqTOHdE
 ,O,alVHoqTOHdE
어르신이,O,alVHoqTOHdE
 ,O,alVHoqTOHdE
마실나오신,O,alVHoqTOHdE
 ,O,alVHoqTOHdE
모습이,O,alVHoqTOHdE
 ,O,alVHoqTOHdE
많았어요,O,alVHoqTOHdE
ㅡㅡㅡ,ㅡㅡㅡ,alVHoqTOHdE
말,O,alVHoqTOHdE
 ,O,alVHoqTOHdE
고환,O,alVHoqTOHdE
이,O,alVHoqTOHdE
 ,O,alVHoqTOHdE
그리,O,alVHoqTOHdE
 ,O,alVHoqTOHdE
좋다하여,O,alVHoqTOHdE
 ,O,alVHoqTOHdE
소,O,alVHoqTOHdE
를,O,alVHoqTOHdE
 ,O,alVHoqTOHdE
잡는다,O,alVHoqTOHdE
ㅡㅡㅡ,ㅡㅡㅡ,alVHoqTOHdE
맛좋고,O,alVHoqTOHdE
 ,O,alVHoqTOHdE
양기에,O,alVHoqTOHdE
 ,O,alVHoqTOHdE
좋은,O,alVHoqTOHdE
 ,O,alVHoqTOHdE
말,O,alVHoqTOHdE
 ,O,alVHoqTOHdE
고환,O,alVHoqTOHdE
ㅡㅡㅡ,ㅡㅡㅡ,alVHoqTOHdE
과부,O,alVHoqTOHdE
가,O,alVHoqTOHdE
 ,O,alVHoqTOHdE
된,O,alVHoqTOHdE
 ,O,alVHoqTOHdE
여인이,O,alVHoqTOHdE
 ,O,alVHoqTOHdE
신세한탄,O,alVHoqTOHdE
ㅡㅡㅡ,ㅡㅡㅡ,alVHoqTOHdE
====================================================,O,alVHoqTOHdE
ㅡㅡㅡ,ㅡㅡㅡ,alVHoqTOHdE
유유,O,alVHoqTOHdE
의,O,alVHoqTOHdE
 ,O,alVHoqTOHdE
먹고,O,alVHoqTOHdE
 ,O,alVHoqTOHdE
마시고,O,alVHoqTOHdE
 ,O,alVHoqTOHdE
즐기기,O,alVHoqTOHdE
ㅡㅡㅡ,ㅡㅡㅡ,alVHoqTOHdE
가끔,O,alVHoqTOHdE
 ,O,alVHoqTOHdE
여행도,O,alVHoqTOHdE
 ,O,alVHoqTOHdE
간다,O,alVHoqTOHdE
 ,O,alVHoqTOHdE
네,O,alVHoqTOHdE
ㅡㅡㅡ,ㅡㅡㅡ,ㅡㅡㅡ
오늘,O,sgjuReTvB88
아,O,sgjuReTvB88
 ,O,sgjuReTvB88
전국일주,O,sgjuReTvB88
 ,O,sgjuReTvB88
가자!,O,sgjuReTvB88
 ,O,sgjuReTvB88
전라도,O,sgjuReTvB88
 ,O,sgjuReTvB88
군산,B_LOC,sgjuReTvB88
여행,O,sgjuReTvB88
 ,O,sgjuReTvB88
#,O,sgjuReTvB88
1,O,sgjuReTvB88
ㅡㅡㅡ,ㅡㅡㅡ,sgjuReTvB88
아이와,O,sgjuReTvB88
 ,O,sgjuReTvB88
"가볼만한곳,",O,sgjuReTvB88
 ,O,sgjuReTvB88
국내여행지를,O,sgjuReTvB88
 ,O,sgjuReTvB88
직접,O,sgjuReTvB88
 ,O,sgjuReTvB88
가보고,O,sgjuReTvB88
 ,O,sgjuReTvB88
추천합니다.,O,sgjuReTvB88
ㅡㅡㅡ,ㅡㅡㅡ,sgjuReTvB88
오늘,O,sgjuReTvB88
의,O,sgjuReTvB88
 ,O,sgjuReTvB88
가족,O,sgjuReTvB88
여행지는,O,sgjuReTvB88
 ,O,sgjuReTvB88
군산시,B_LOC,sgjuReTvB88
 ,O,sgjuReTvB88
"근대거리,",O,sgjuReTvB88
 ,O,sgjuReTvB88
근현대사박물관,B_TOR,sgjuReTvB88
",",O,sgjuReTvB88
 ,O,sgjuReTvB88
옛군산세관,B_TOR,sgjuReTvB88
",",O,sgjuReTvB88
 ,O,sgjuReTvB88
안동집,B_RES,sgjuReTvB88
",",O,sgjuReTvB88
 ,O,sgjuReTvB88
이성당,B_CAF,sgjuReTvB88
 ,O,sgjuReTvB88
(Gunsan),O,sgjuReTvB88
ㅡㅡㅡ,ㅡㅡㅡ,sgjuReTvB88
구독하기,O,sgjuReTvB88
ㅡㅡㅡ,ㅡㅡㅡ,sgjuReTvB88
https://,O,sgjuReTvB88
www,O,sgjuReTvB88
.youtube.com,O,sgjuReTvB88
/,O,sgjuReTvB88
channel,O,sgjuReTvB88
/,O,sgjuReTvB88
UCWQ-rFC35xpzHCm63RgbVog,O,sgjuReTvB88
?sub_confirmation=1,O,sgjuReTvB88
ㅡㅡㅡ,ㅡㅡㅡ,sgjuReTvB88
구독은,O,sgjuReTvB88
 ,O,sgjuReTvB88
오늘,O,sgjuReTvB88
이와,O,sgjuReTvB88
 ,O,sgjuReTvB88
아빠,O,sgjuReTvB88
에게,O,sgjuReTvB88
 ,O,sgjuReTvB88
큰,O,sgjuReTvB88
 ,O,sgjuReTvB88
힘이,O,sgjuReTvB88
 ,O,sgjuReTvB88
됩니다^^,O,sgjuReTvB88
ㅡㅡㅡ,ㅡㅡㅡ,sgjuReTvB88
과거로,O,sgjuReTvB88
 ,O,sgjuReTvB88
가는,O,sgjuReTvB88
 ,O,sgjuReTvB88
TV,O,sgjuReTvB88
속으로,O,sgjuReTvB88
 ,O,sgjuReTvB88
들어가,O,sgjuReTvB88
 ,O,sgjuReTvB88
1930년,O,sgjuReTvB88
의,O,sgjuReTvB88
 ,O,sgjuReTvB88
군산,B_LOC,sgjuReTvB88
으로,O,sgjuReTvB88
 ,O,sgjuReTvB88
간,O,sgjuReTvB88
 ,O,sgjuReTvB88
오늘,O,sgjuReTvB88
이,O,sgjuReTvB88
 ,O,sgjuReTvB88
아빠,O,sgjuReTvB88
.,O,sgjuReTvB88
ㅡㅡㅡ,ㅡㅡㅡ,sgjuReTvB88
대한,O,sgjuReTvB88
독립만세도,O,sgjuReTvB88
 ,O,sgjuReTvB88
부르고,O,sgjuReTvB88
 ,O,sgjuReTvB88
학교에도,O,sgjuReTvB88
 ,O,sgjuReTvB88
갔어요.,O,sgjuReTvB88
ㅡㅡㅡ,ㅡㅡㅡ,sgjuReTvB88
오늘,O,sgjuReTvB88
이와,O,sgjuReTvB88
 ,O,sgjuReTvB88
아빠,O,sgjuReTvB88
의,O,sgjuReTvB88
 ,O,sgjuReTvB88
상황극으로,O,sgjuReTvB88
 ,O,sgjuReTvB88
재미를,O,sgjuReTvB88
 ,O,sgjuReTvB88
더한,O,sgjuReTvB88
 ,O,sgjuReTvB88
옛군산세관,B_TOR,sgjuReTvB88
도,O,sgjuReTvB88
 ,O,sgjuReTvB88
꼭,O,sgjuReTvB88
 ,O,sgjuReTvB88
보세요~,O,sgjuReTvB88
ㅡㅡㅡ,ㅡㅡㅡ,sgjuReTvB88
배,O,sgjuReTvB88
가,O,sgjuReTvB88
 ,O,sgjuReTvB88
고파,O,sgjuReTvB88
 ,O,sgjuReTvB88
쓰러지기,O,sgjuReTvB88
 ,O,sgjuReTvB88
직전,O,sgjuReTvB88
 ,O,sgjuReTvB88
택시기사,O,sgjuReTvB88
님이,O,sgjuReTvB88
 ,O,sgjuReTvB88
추천한,O,sgjuReTvB88
 ,O,sgjuReTvB88
군산,B_LOC,sgjuReTvB88
 ,O,sgjuReTvB88
최고의,O,sgjuReTvB88
 ,O,sgjuReTvB88
맛집,O,sgjuReTvB88
 ,O,sgjuReTvB88
안동집,B_RES,sgjuReTvB88
ㅡㅡㅡ,ㅡㅡㅡ,sgjuReTvB88
군산,B_LOC,sgjuReTvB88
인데,O,sgjuReTvB88
 ,O,sgjuReTvB88
안동집,B_RES,sgjuReTvB88
?,O,sgjuReTvB88
ㅡㅡㅡ,ㅡㅡㅡ,sgjuReTvB88
어쨌든,O,sgjuReTvB88
 ,O,sgjuReTvB88
맛은,O,sgjuReTvB88
 ,O,sgjuReTvB88
최고~~,O,sgjuReTvB88
ㅡㅡㅡ,ㅡㅡㅡ,sgjuReTvB88
이성당,B_CAF,sgjuReTvB88
 ,O,sgjuReTvB88
아이스크림,O,sgjuReTvB88
 ,O,sgjuReTvB88
맛의,O,sgjuReTvB88
 ,O,sgjuReTvB88
비밀은?,O,sgjuReTvB88
ㅡㅡㅡ,ㅡㅡㅡ,sgjuReTvB88
오늘,O,sgjuReTvB88
이,O,sgjuReTvB88
 ,O,sgjuReTvB88
가족,O,sgjuReTvB88
의,O,sgjuReTvB88
 ,O,sgjuReTvB88
국내여행,O,sgjuReTvB88
 ,O,sgjuReTvB88
"브이로그,",O,sgjuReTvB88
 ,O,sgjuReTvB88
군산,B_LOC,sgjuReTvB88
여행,O,sgjuReTvB88
 ,O,sgjuReTvB88
1편,O,sgjuReTvB88
.,O,sgjuReTvB88
 ,O,sgjuReTvB88
영상을,O,sgjuReTvB88
 ,O,sgjuReTvB88
눌러,O,sgjuReTvB88
 ,O,sgjuReTvB88
확인해보세요~,O,sgjuReTvB88
ㅡㅡㅡ,ㅡㅡㅡ,sgjuReTvB88
초등학교,O,sgjuReTvB88
 ,O,sgjuReTvB88
3학년,O,sgjuReTvB88
 ,O,sgjuReTvB88
조오늘,O,sgjuReTvB88
과,O,sgjuReTvB88
 ,O,sgjuReTvB88
45세,O,sgjuReTvB88
 ,O,sgjuReTvB88
아빠,O,sgjuReTvB88
 ,O,sgjuReTvB88
조일주,O,sgjuReTvB88
의,O,sgjuReTvB88
 ,O,sgjuReTvB88
전국일주,O,sgjuReTvB88
 ,O,sgjuReTvB88
도전.,O,sgjuReTvB88
ㅡㅡㅡ,ㅡㅡㅡ,sgjuReTvB88
오늘,O,sgjuReTvB88
"아,",O,sgjuReTvB88
 ,O,sgjuReTvB88
전국일주,O,sgjuReTvB88
 ,O,sgjuReTvB88
가자!,O,sgjuReTvB88
ㅡㅡㅡ,ㅡㅡㅡ,sgjuReTvB88
도시탐험대,O,sgjuReTvB88
 ,O,sgjuReTvB88
국내편에,O,sgjuReTvB88
 ,O,sgjuReTvB88
나오는,O,sgjuReTvB88
 ,O,sgjuReTvB88
대한민국,O,sgjuReTvB88
 ,O,sgjuReTvB88
도시는,O,sgjuReTvB88
 ,O,sgjuReTvB88
162개,O,sgjuReTvB88
.,O,sgjuReTvB88
ㅡㅡㅡ,ㅡㅡㅡ,sgjuReTvB88
일주일,O,sgjuReTvB88
에,O,sgjuReTvB88
 ,O,sgjuReTvB88
한 번,O,sgjuReTvB88
 ,O,sgjuReTvB88
주말,O,sgjuReTvB88
여행을,O,sgjuReTvB88
 ,O,sgjuReTvB88
가도,O,sgjuReTvB88
 ,O,sgjuReTvB88
3년,O,sgjuReTvB88
.,O,sgjuReTvB88
ㅡㅡㅡ,ㅡㅡㅡ,sgjuReTvB88
가볼만한,O,sgjuReTvB88
 ,O,sgjuReTvB88
곳!,O,sgjuReTvB88
 ,O,sgjuReTvB88
모두,O,sgjuReTvB88
 ,O,sgjuReTvB88
여행하는,O,sgjuReTvB88
 ,O,sgjuReTvB88
그날까지,O,sgjuReTvB88
~,O,sgjuReTvB88
ㅡㅡㅡ,ㅡㅡㅡ,sgjuReTvB88
대한민국,O,sgjuReTvB88
 ,O,sgjuReTvB88
162개,O,sgjuReTvB88
 ,O,sgjuReTvB88
도시를,O,sgjuReTvB88
 ,O,sgjuReTvB88
모두,O,sgjuReTvB88
 ,O,sgjuReTvB88
여행하는데,O,sgjuReTvB88
 ,O,sgjuReTvB88
성공할,O,sgjuReTvB88
 ,O,sgjuReTvB88
수,O,sgjuReTvB88
 ,O,sgjuReTvB88
있도록,O,sgjuReTvB88
 ,O,sgjuReTvB88
"구독,",O,sgjuReTvB88
 ,O,sgjuReTvB88
"공유,",O,sgjuReTvB88
 ,O,sgjuReTvB88
댓글로,O,sgjuReTvB88
 ,O,sgjuReTvB88
응원,O,sgjuReTvB88
 ,O,sgjuReTvB88
부탁드려요~,O,sgjuReTvB88
ㅡㅡㅡ,ㅡㅡㅡ,sgjuReTvB88
가볼만한,O,sgjuReTvB88
 ,O,sgjuReTvB88
곳!,O,sgjuReTvB88
 ,O,sgjuReTvB88
모두,O,sgjuReTvB88
 ,O,sgjuReTvB88
여행하는,O,sgjuReTvB88
 ,O,sgjuReTvB88
그날까지,O,sgjuReTvB88
~,O,sgjuReTvB88
 ,O,sgjuReTvB88
전국일주는,O,sgjuReTvB88
 ,O,sgjuReTvB88
계속됩니다!,O,sgjuReTvB88
ㅡㅡㅡ,ㅡㅡㅡ,sgjuReTvB88
도시탐험대가,O,sgjuReTvB88
 ,O,sgjuReTvB88
궁금하시다면?,O,sgjuReTvB88
ㅡㅡㅡ,ㅡㅡㅡ,sgjuReTvB88
http,O,sgjuReTvB88
s://bubuok.com/shop_view,O,sgjuReTvB88
/?idx=,O,sgjuReTvB88
18,O,sgjuReTvB88
ㅡㅡㅡ,ㅡㅡㅡ,ㅡㅡㅡ
7월 말,O,HidL-GW5FAY
 ,O,HidL-GW5FAY
8월초,O,HidL-GW5FAY
",",O,HidL-GW5FAY
 ,O,HidL-GW5FAY
5박 6일동안,O,HidL-GW5FAY
 ,O,HidL-GW5FAY
안동,B_LOC,HidL-GW5FAY
 ,O,HidL-GW5FAY
본가,O,HidL-GW5FAY
 ,O,HidL-GW5FAY
다녀왔어요,O,HidL-GW5FAY
ㅡㅡㅡ,ㅡㅡㅡ,HidL-GW5FAY
여름,O,HidL-GW5FAY
 ,O,HidL-GW5FAY
휴가,O,HidL-GW5FAY
 ,O,HidL-GW5FAY
차,O,HidL-GW5FAY
 ,O,HidL-GW5FAY
겸사겸사,O,HidL-GW5FAY
 ,O,HidL-GW5FAY
다녀온,O,HidL-GW5FAY
 ,O,HidL-GW5FAY
현지인,O,HidL-GW5FAY
(?)의,O,HidL-GW5FAY
 ,O,HidL-GW5FAY
안동,B_LOC,HidL-GW5FAY
 ,O,HidL-GW5FAY
여행,O,HidL-GW5FAY
 ,O,HidL-GW5FAY
브이로그입니다,O,HidL-GW5FAY
ㅡㅡㅡ,ㅡㅡㅡ,HidL-GW5FAY
Day2,O,HidL-GW5FAY
는,O,HidL-GW5FAY
 ,O,HidL-GW5FAY
가족,O,HidL-GW5FAY
"과,",O,HidL-GW5FAY
 ,O,HidL-GW5FAY
Day3,O,HidL-GW5FAY
은,O,HidL-GW5FAY
 ,O,HidL-GW5FAY
포항,B_LOC,HidL-GW5FAY
로그가,O,HidL-GW5FAY
 ,O,HidL-GW5FAY
되어버렸네요,O,HidL-GW5FAY
ㅡㅡㅡ,ㅡㅡㅡ,HidL-GW5FAY
찜닭,O,HidL-GW5FAY
 ,O,HidL-GW5FAY
골목과,O,HidL-GW5FAY
 ,O,HidL-GW5FAY
월영교,B_TOR,HidL-GW5FAY
 ,O,HidL-GW5FAY
같은,O,HidL-GW5FAY
 ,O,HidL-GW5FAY
유명한,O,HidL-GW5FAY
 ,O,HidL-GW5FAY
곳들도,O,HidL-GW5FAY
 ,O,HidL-GW5FAY
"좋지만,",O,HidL-GW5FAY
ㅡㅡㅡ,ㅡㅡㅡ,HidL-GW5FAY
덜,O,HidL-GW5FAY
 ,O,HidL-GW5FAY
알려진,O,HidL-GW5FAY
 ,O,HidL-GW5FAY
곳,O,HidL-GW5FAY
 ,O,HidL-GW5FAY
위주로,O,HidL-GW5FAY
 ,O,HidL-GW5FAY
다녀왔어요,O,HidL-GW5FAY
 ,O,HidL-GW5FAY
:),O,HidL-GW5FAY
ㅡㅡㅡ,ㅡㅡㅡ,HidL-GW5FAY
#vlog,O,HidL-GW5FAY
 ,O,HidL-GW5FAY
#브이로그,O,HidL-GW5FAY
 ,O,HidL-GW5FAY
#,O,HidL-GW5FAY
안동,B_LOC,HidL-GW5FAY
브이로그,O,HidL-GW5FAY
ㅡㅡㅡ,ㅡㅡㅡ,HidL-GW5FAY
Day1,O,HidL-GW5FAY
.,O,HidL-GW5FAY
ㅡㅡㅡ,ㅡㅡㅡ,HidL-GW5FAY
1:20,O,HidL-GW5FAY
 ,O,HidL-GW5FAY
나예누리,B_CAF,HidL-GW5FAY
ㅡㅡㅡ,ㅡㅡㅡ,HidL-GW5FAY
2:03,O,HidL-GW5FAY
 ,O,HidL-GW5FAY
안동갈비골목,B_TOR,HidL-GW5FAY
ㅡㅡㅡ,ㅡㅡㅡ,HidL-GW5FAY
Day4,O,HidL-GW5FAY
.,O,HidL-GW5FAY
ㅡㅡㅡ,ㅡㅡㅡ,HidL-GW5FAY
4:00,O,HidL-GW5FAY
 ,O,HidL-GW5FAY
전통리조트,O,HidL-GW5FAY
 ,O,HidL-GW5FAY
구름에,O,HidL-GW5FAY
ㅡㅡㅡ,ㅡㅡㅡ,HidL-GW5FAY
4:51,O,HidL-GW5FAY
 ,O,HidL-GW5FAY
구름에오프,B_CAF,HidL-GW5FAY
ㅡㅡㅡ,ㅡㅡㅡ,HidL-GW5FAY
7:38,O,HidL-GW5FAY
 ,O,HidL-GW5FAY
안동맥주 퍼블릭하우스,B_RES,HidL-GW5FAY
ㅡㅡㅡ,ㅡㅡㅡ,HidL-GW5FAY
Day5,O,HidL-GW5FAY
.,O,HidL-GW5FAY
ㅡㅡㅡ,ㅡㅡㅡ,HidL-GW5FAY
8:44,O,HidL-GW5FAY
 ,O,HidL-GW5FAY
폴모스트,B_CAF,HidL-GW5FAY
ㅡㅡㅡ,ㅡㅡㅡ,HidL-GW5FAY
10:48,O,HidL-GW5FAY
 ,O,HidL-GW5FAY
하회겸암정사,B_TOR,HidL-GW5FAY
ㅡㅡㅡ,ㅡㅡㅡ,HidL-GW5FAY
12:08,O,HidL-GW5FAY
 ,O,HidL-GW5FAY
풍전,B_CAF,HidL-GW5FAY
브런치카페,I_CAF,HidL-GW5FAY
ㅡㅡㅡ,ㅡㅡㅡ,ㅡㅡㅡ
#요리브이로그,O,2GeJjYRgzsw
 ,O,2GeJjYRgzsw
#일상브이로그,O,2GeJjYRgzsw
 ,O,2GeJjYRgzsw
#,O,2GeJjYRgzsw
 ,O,2GeJjYRgzsw
여행브이로그,O,2GeJjYRgzsw
ㅡㅡㅡ,ㅡㅡㅡ,2GeJjYRgzsw
안녕하세요~~^^,O,2GeJjYRgzsw
ㅡㅡㅡ,ㅡㅡㅡ,2GeJjYRgzsw
날씨가,O,2GeJjYRgzsw
 ,O,2GeJjYRgzsw
너무,O,2GeJjYRgzsw
 ,O,2GeJjYRgzsw
더워요ㅜㅜ,O,2GeJjYRgzsw
ㅡㅡㅡ,ㅡㅡㅡ,2GeJjYRgzsw
모두,O,2GeJjYRgzsw
 ,O,2GeJjYRgzsw
건강조심하시고,O,2GeJjYRgzsw
ㅡㅡㅡ,ㅡㅡㅡ,2GeJjYRgzsw
이번,O,2GeJjYRgzsw
 ,O,2GeJjYRgzsw
영상이,O,2GeJjYRgzsw
 ,O,2GeJjYRgzsw
마음에,O,2GeJjYRgzsw
 ,O,2GeJjYRgzsw
드셨다면,O,2GeJjYRgzsw
ㅡㅡㅡ,ㅡㅡㅡ,2GeJjYRgzsw
구독.좋아요,O,2GeJjYRgzsw
 ,O,2GeJjYRgzsw
부탁드려요❤,O,2GeJjYRgzsw
ㅡㅡㅡ,ㅡㅡㅡ,ㅡㅡㅡ
I,O,560xWggXFXc
 ,O,560xWggXFXc
upload,O,560xWggXFXc
 ,O,560xWggXFXc
vlogs,O,560xWggXFXc
 ,O,560xWggXFXc
and,O,560xWggXFXc
 ,O,560xWggXFXc
some,O,560xWggXFXc
 ,O,560xWggXFXc
cooking,O,560xWggXFXc
 ,O,560xWggXFXc
videos,O,560xWggXFXc
 ,O,560xWggXFXc
in,O,560xWggXFXc
 ,O,560xWggXFXc
my,O,560xWggXFXc
 ,O,560xWggXFXc
channel.,O,560xWggXFXc
ㅡㅡㅡ,ㅡㅡㅡ,560xWggXFXc
If,O,560xWggXFXc
 ,O,560xWggXFXc
you,O,560xWggXFXc
 ,O,560xWggXFXc
guys,O,560xWggXFXc
 ,O,560xWggXFXc
enjoyed,O,560xWggXFXc
 ,O,560xWggXFXc
this,O,560xWggXFXc
 ,O,560xWggXFXc
"video,",O,560xWggXFXc
 ,O,560xWggXFXc
please,O,560xWggXFXc
 ,O,560xWggXFXc
give,O,560xWggXFXc
 ,O,560xWggXFXc
this,O,560xWggXFXc
 ,O,560xWggXFXc
video,O,560xWggXFXc
 ,O,560xWggXFXc
a,O,560xWggXFXc
 ,O,560xWggXFXc
thumps,O,560xWggXFXc
 ,O,560xWggXFXc
up,O,560xWggXFXc
 ,O,560xWggXFXc
&,O,560xWggXFXc
 ,O,560xWggXFXc
subscribe.,O,560xWggXFXc
ㅡㅡㅡ,ㅡㅡㅡ,560xWggXFXc
See,O,560xWggXFXc
 ,O,560xWggXFXc
you,O,560xWggXFXc
 ,O,560xWggXFXc
guys,O,560xWggXFXc
 ,O,560xWggXFXc
in,O,560xWggXFXc
 ,O,560xWggXFXc
my,O,560xWggXFXc
 ,O,560xWggXFXc
next,O,560xWggXFXc
 ,O,560xWggXFXc
video!,O,560xWggXFXc
ㅡㅡㅡ,ㅡㅡㅡ,560xWggXFXc
3일간,O,560xWggXFXc
의,O,560xWggXFXc
 ,O,560xWggXFXc
저녁식사,O,560xWggXFXc
 ,O,560xWggXFXc
영상을,O,560xWggXFXc
 ,O,560xWggXFXc
올립니다.,O,560xWggXFXc
ㅡㅡㅡ,ㅡㅡㅡ,560xWggXFXc
돈까스,O,560xWggXFXc
",",O,560xWggXFXc
함박스테이크,O,560xWggXFXc
",",O,560xWggXFXc
생선까스,O,560xWggXFXc
",",O,560xWggXFXc
안동찜닭,O,560xWggXFXc
",",O,560xWggXFXc
명란아보카도 덮밥,O,560xWggXFXc
",",O,560xWggXFXc
황태채 무침,O,560xWggXFXc
",",O,560xWggXFXc
 ,O,560xWggXFXc
어묵볶음,O,560xWggXFXc
~,O,560xWggXFXc
ㅡㅡㅡ,ㅡㅡㅡ,560xWggXFXc
영상이,O,560xWggXFXc
 ,O,560xWggXFXc
좋으셨으면,O,560xWggXFXc
 ,O,560xWggXFXc
"좋아요,구독",O,560xWggXFXc
 ,O,560xWggXFXc
부탁드려요.,O,560xWggXFXc
ㅡㅡㅡ,ㅡㅡㅡ,560xWggXFXc
저에게는,O,560xWggXFXc
 ,O,560xWggXFXc
큰힘이,O,560xWggXFXc
 ,O,560xWggXFXc
됩니다.,O,560xWggXFXc
ㅡㅡㅡ,ㅡㅡㅡ,560xWggXFXc
#,O,560xWggXFXc
미국브이로그,O,560xWggXFXc
",",O,560xWggXFXc
 ,O,560xWggXFXc
#,O,560xWggXFXc
돈까스정식,O,560xWggXFXc
",",O,560xWggXFXc
 ,O,560xWggXFXc
#,O,560xWggXFXc
안동찜닭,O,560xWggXFXc
",",O,560xWggXFXc
 ,O,560xWggXFXc
#,O,560xWggXFXc
명란아보카도덮밥,O,560xWggXFXc
",",O,560xWggXFXc
 ,O,560xWggXFXc
#,O,560xWggXFXc
황태채무침,O,560xWggXFXc
",",O,560xWggXFXc
 ,O,560xWggXFXc
#,O,560xWggXFXc
어묵볶음,O,560xWggXFXc
",",O,560xWggXFXc
 ,O,560xWggXFXc
#,O,560xWggXFXc
생선까스,O,560xWggXFXc
",",O,560xWggXFXc
 ,O,560xWggXFXc
#,O,560xWggXFXc
함박스테이크,O,560xWggXFXc
ㅡㅡㅡ,ㅡㅡㅡ,560xWggXFXc
Music,O,560xWggXFXc
 ,O,560xWggXFXc
provided,O,560xWggXFXc
 ,O,560xWggXFXc
by,O,560xWggXFXc
 ,O,560xWggXFXc
브금,O,560xWggXFXc
대통령,O,560xWggXFXc
ㅡㅡㅡ,ㅡㅡㅡ,560xWggXFXc
TrackPaesaggioItalianohttpsyoutube9PRnPdgNhMI,O,560xWggXFXc
ㅡㅡㅡ,ㅡㅡㅡ,560xWggXFXc
Track,O,560xWggXFXc
 ,O,560xWggXFXc
:,O,560xWggXFXc
 ,O,560xWggXFXc
Blue Christmas,O,560xWggXFXc
 ,O,560xWggXFXc
-,O,560xWggXFXc
 ,O,560xWggXFXc
http,O,560xWggXFXc
s://,O,560xWggXFXc
youtu.be/jCSCPskmVd4,O,560xWggXFXc
ㅡㅡㅡ,ㅡㅡㅡ,ㅡㅡㅡ
❤,O,7-I3qNrsvaI
 ,O,7-I3qNrsvaI
239 ❤,O,7-I3qNrsvaI
ㅡㅡㅡ,ㅡㅡㅡ,7-I3qNrsvaI
#,O,7-I3qNrsvaI
집밥브이,O,7-I3qNrsvaI
로그,O,7-I3qNrsvaI
 ,O,7-I3qNrsvaI
#집밥,O,7-I3qNrsvaI
 ,O,7-I3qNrsvaI
#요리,O,7-I3qNrsvaI
 ,O,7-I3qNrsvaI
#집순이,O,7-I3qNrsvaI
 ,O,7-I3qNrsvaI
#신혼일상,O,7-I3qNrsvaI
ㅡㅡㅡ,ㅡㅡㅡ,7-I3qNrsvaI
■,O,7-I3qNrsvaI
 ,O,7-I3qNrsvaI
TIP,O,7-I3qNrsvaI
ㅡㅡㅡ,ㅡㅡㅡ,7-I3qNrsvaI
자동차세,O,7-I3qNrsvaI
 ,O,7-I3qNrsvaI
미리,O,7-I3qNrsvaI
 ,O,7-I3qNrsvaI
1월,O,7-I3qNrsvaI
에,O,7-I3qNrsvaI
 ,O,7-I3qNrsvaI
연납하시면,O,7-I3qNrsvaI
 ,O,7-I3qNrsvaI
자동차세,O,7-I3qNrsvaI
 ,O,7-I3qNrsvaI
10%,O,7-I3qNrsvaI
 ,O,7-I3qNrsvaI
할인,O,7-I3qNrsvaI
 ,O,7-I3qNrsvaI
받을,O,7-I3qNrsvaI
 ,O,7-I3qNrsvaI
수,O,7-I3qNrsvaI
 ,O,7-I3qNrsvaI
있어요,O,7-I3qNrsvaI
 ,O,7-I3qNrsvaI
^^,O,7-I3qNrsvaI
ㅡㅡㅡ,ㅡㅡㅡ,7-I3qNrsvaI
www.wetax.go.kr,O,7-I3qNrsvaI
ㅡㅡㅡ,ㅡㅡㅡ,7-I3qNrsvaI
■,O,7-I3qNrsvaI
 ,O,7-I3qNrsvaI
COOK,O,7-I3qNrsvaI
ㅡㅡㅡ,ㅡㅡㅡ,7-I3qNrsvaI
0:10,O,7-I3qNrsvaI
 ,O,7-I3qNrsvaI
1:25,O,7-I3qNrsvaI
 ,O,7-I3qNrsvaI
안동찜닭,O,7-I3qNrsvaI
ㅡㅡㅡ,ㅡㅡㅡ,7-I3qNrsvaI
0:16,O,7-I3qNrsvaI
 ,O,7-I3qNrsvaI
파래무침,O,7-I3qNrsvaI
ㅡㅡㅡ,ㅡㅡㅡ,7-I3qNrsvaI
5:55,O,7-I3qNrsvaI
 ,O,7-I3qNrsvaI
파인애플 볶음밥,O,7-I3qNrsvaI
ㅡㅡㅡ,ㅡㅡㅡ,7-I3qNrsvaI
10:58,O,7-I3qNrsvaI
 ,O,7-I3qNrsvaI
길거리,O,7-I3qNrsvaI
 ,O,7-I3qNrsvaI
토스트,O,7-I3qNrsvaI
ㅡㅡㅡ,ㅡㅡㅡ,7-I3qNrsvaI
■,O,7-I3qNrsvaI
 ,O,7-I3qNrsvaI
IKEA,O,7-I3qNrsvaI
ㅡㅡㅡ,ㅡㅡㅡ,7-I3qNrsvaI
3:54,O,7-I3qNrsvaI
 ,O,7-I3qNrsvaI
테이블,O,7-I3qNrsvaI
 ,O,7-I3qNrsvaI
조명,O,7-I3qNrsvaI
ㅡㅡㅡ,ㅡㅡㅡ,7-I3qNrsvaI
4:03,O,7-I3qNrsvaI
 ,O,7-I3qNrsvaI
나무,O,7-I3qNrsvaI
 ,O,7-I3qNrsvaI
옷걸이,O,7-I3qNrsvaI
ㅡㅡㅡ,ㅡㅡㅡ,7-I3qNrsvaI
4:21,O,7-I3qNrsvaI
 ,O,7-I3qNrsvaI
간식용,O,7-I3qNrsvaI
 ,O,7-I3qNrsvaI
유리용기,O,7-I3qNrsvaI
ㅡㅡㅡ,ㅡㅡㅡ,7-I3qNrsvaI
4:30,O,7-I3qNrsvaI
 ,O,7-I3qNrsvaI
세제용,O,7-I3qNrsvaI
 ,O,7-I3qNrsvaI
유리용기,O,7-I3qNrsvaI
ㅡㅡㅡ,ㅡㅡㅡ,7-I3qNrsvaI
4:47,O,7-I3qNrsvaI
 ,O,7-I3qNrsvaI
서빙볼,O,7-I3qNrsvaI
ㅡㅡㅡ,ㅡㅡㅡ,7-I3qNrsvaI
4:51,O,7-I3qNrsvaI
 ,O,7-I3qNrsvaI
대파용,O,7-I3qNrsvaI
 ,O,7-I3qNrsvaI
유리용기,O,7-I3qNrsvaI
ㅡㅡㅡ,ㅡㅡㅡ,7-I3qNrsvaI
5:05,O,7-I3qNrsvaI
 ,O,7-I3qNrsvaI
타원형,O,7-I3qNrsvaI
 ,O,7-I3qNrsvaI
메인,O,7-I3qNrsvaI
 ,O,7-I3qNrsvaI
접시,O,7-I3qNrsvaI
ㅡㅡㅡ,ㅡㅡㅡ,7-I3qNrsvaI
5:13,O,7-I3qNrsvaI
 ,O,7-I3qNrsvaI
바구니,O,7-I3qNrsvaI
ㅡㅡㅡ,ㅡㅡㅡ,7-I3qNrsvaI
5:17,O,7-I3qNrsvaI
 ,O,7-I3qNrsvaI
요리용,O,7-I3qNrsvaI
 ,O,7-I3qNrsvaI
집게,O,7-I3qNrsvaI
ㅡㅡㅡ,ㅡㅡㅡ,7-I3qNrsvaI
5:23,O,7-I3qNrsvaI
 ,O,7-I3qNrsvaI
국자,O,7-I3qNrsvaI
ㅡㅡㅡ,ㅡㅡㅡ,7-I3qNrsvaI
5:27,O,7-I3qNrsvaI
 ,O,7-I3qNrsvaI
오븐용,O,7-I3qNrsvaI
 ,O,7-I3qNrsvaI
장갑,O,7-I3qNrsvaI
ㅡㅡㅡ,ㅡㅡㅡ,7-I3qNrsvaI
5:35,O,7-I3qNrsvaI
 ,O,7-I3qNrsvaI
베게,O,7-I3qNrsvaI
ㅡㅡㅡ,ㅡㅡㅡ,7-I3qNrsvaI
5:42,O,7-I3qNrsvaI
 ,O,7-I3qNrsvaI
분리수거함,O,7-I3qNrsvaI
ㅡㅡㅡ,ㅡㅡㅡ,7-I3qNrsvaI
Camera,O,7-I3qNrsvaI
 ,O,7-I3qNrsvaI
ㅣ,O,7-I3qNrsvaI
Samsung s10e,O,7-I3qNrsvaI
",",O,7-I3qNrsvaI
 ,O,7-I3qNrsvaI
Sony rx100m4,O,7-I3qNrsvaI
ㅡㅡㅡ,ㅡㅡㅡ,7-I3qNrsvaI
EditㅣVLLO,O,7-I3qNrsvaI
ㅡㅡㅡ,ㅡㅡㅡ,ㅡㅡㅡ
#자취브이로그,O,btJ7JVg3ccM
 ,O,btJ7JVg3ccM
#자취요리,O,btJ7JVg3ccM
 ,O,btJ7JVg3ccM
#,O,btJ7JVg3ccM
집,O,btJ7JVg3ccM
밥,O,btJ7JVg3ccM
ㅡㅡㅡ,ㅡㅡㅡ,btJ7JVg3ccM
안녕하세요!,O,btJ7JVg3ccM
ㅡㅡㅡ,ㅡㅡㅡ,btJ7JVg3ccM
이번,O,btJ7JVg3ccM
 ,O,btJ7JVg3ccM
한 주,O,btJ7JVg3ccM
도,O,btJ7JVg3ccM
 ,O,btJ7JVg3ccM
잘,O,btJ7JVg3ccM
 ,O,btJ7JVg3ccM
지내셨나요,O,btJ7JVg3ccM
 ,O,btJ7JVg3ccM
:-),O,btJ7JVg3ccM
ㅡㅡㅡ,ㅡㅡㅡ,btJ7JVg3ccM
이번,O,btJ7JVg3ccM
 ,O,btJ7JVg3ccM
영상은,O,btJ7JVg3ccM
 ,O,btJ7JVg3ccM
확실한,O,btJ7JVg3ccM
 ,O,btJ7JVg3ccM
한식,O,btJ7JVg3ccM
들로,O,btJ7JVg3ccM
 ,O,btJ7JVg3ccM
채워져있네요.,O,btJ7JVg3ccM
ㅡㅡㅡ,ㅡㅡㅡ,btJ7JVg3ccM
추워서,O,btJ7JVg3ccM
 ,O,btJ7JVg3ccM
국물요리를,O,btJ7JVg3ccM
 ,O,btJ7JVg3ccM
많이,O,btJ7JVg3ccM
 ,O,btJ7JVg3ccM
찾게되는데,O,btJ7JVg3ccM
ㅡㅡㅡ,ㅡㅡㅡ,btJ7JVg3ccM
역시,O,btJ7JVg3ccM
 ,O,btJ7JVg3ccM
국물요리는,O,btJ7JVg3ccM
 ,O,btJ7JVg3ccM
한식,O,btJ7JVg3ccM
이,O,btJ7JVg3ccM
 ,O,btJ7JVg3ccM
최고인듯.......,O,btJ7JVg3ccM
 ,O,btJ7JVg3ccM
인정...?,O,btJ7JVg3ccM
ㅡㅡㅡ,ㅡㅡㅡ,btJ7JVg3ccM
아무튼,O,btJ7JVg3ccM
 ,O,btJ7JVg3ccM
이번주,O,btJ7JVg3ccM
도,O,btJ7JVg3ccM
 ,O,btJ7JVg3ccM
행복한,O,btJ7JVg3ccM
 ,O,btJ7JVg3ccM
시간으로,O,btJ7JVg3ccM
ㅡㅡㅡ,ㅡㅡㅡ,btJ7JVg3ccM
마무리,O,btJ7JVg3ccM
 ,O,btJ7JVg3ccM
하셨으면,O,btJ7JVg3ccM
 ,O,btJ7JVg3ccM
좋겠습니당.,O,btJ7JVg3ccM
ㅡㅡㅡ,ㅡㅡㅡ,btJ7JVg3ccM
오늘,O,btJ7JVg3ccM
도,O,btJ7JVg3ccM
 ,O,btJ7JVg3ccM
영상을,O,btJ7JVg3ccM
 ,O,btJ7JVg3ccM
보러,O,btJ7JVg3ccM
 ,O,btJ7JVg3ccM
와,O,btJ7JVg3ccM
 ,O,btJ7JVg3ccM
주셔서,O,btJ7JVg3ccM
 ,O,btJ7JVg3ccM
감사합니다,O,btJ7JVg3ccM
 ,O,btJ7JVg3ccM
:-),O,btJ7JVg3ccM
ㅡㅡㅡ,ㅡㅡㅡ,btJ7JVg3ccM
-----------------------------------------------,O,btJ7JVg3ccM
ㅡㅡㅡ,ㅡㅡㅡ,btJ7JVg3ccM
E-mail,O,btJ7JVg3ccM
 ,O,btJ7JVg3ccM
jordy777@naver,O,btJ7JVg3ccM
.com,O,btJ7JVg3ccM
ㅡㅡㅡ,ㅡㅡㅡ,btJ7JVg3ccM
-----------------------------------------------,O,btJ7JVg3ccM
ㅡㅡㅡ,ㅡㅡㅡ,btJ7JVg3ccM
Music,O,btJ7JVg3ccM
 ,O,btJ7JVg3ccM
provided,O,btJ7JVg3ccM
 ,O,btJ7JVg3ccM
by,O,btJ7JVg3ccM
 ,O,btJ7JVg3ccM
브금,O,btJ7JVg3ccM
대통령,O,btJ7JVg3ccM
ㅡㅡㅡ,ㅡㅡㅡ,btJ7JVg3ccM
Track,O,btJ7JVg3ccM
 ,O,btJ7JVg3ccM
:,O,btJ7JVg3ccM
 ,O,btJ7JVg3ccM
Naptime!,O,btJ7JVg3ccM
 ,O,btJ7JVg3ccM
-,O,btJ7JVg3ccM
 ,O,btJ7JVg3ccM
http,O,btJ7JVg3ccM
s://,O,btJ7JVg3ccM
youtu.be/SeD8Zo73-w4,O,btJ7JVg3ccM
ㅡㅡㅡ,ㅡㅡㅡ,btJ7JVg3ccM
Track,O,btJ7JVg3ccM
 ,O,btJ7JVg3ccM
:,O,btJ7JVg3ccM
 ,O,btJ7JVg3ccM
김재영,O,btJ7JVg3ccM
-,O,btJ7JVg3ccM
CURIOS,O,btJ7JVg3ccM
 ,O,btJ7JVg3ccM
DAY,O,btJ7JVg3ccM
ㅡㅡㅡ,ㅡㅡㅡ,btJ7JVg3ccM
Music,O,btJ7JVg3ccM
 ,O,btJ7JVg3ccM
provided,O,btJ7JVg3ccM
 ,O,btJ7JVg3ccM
by,O,btJ7JVg3ccM
 ,O,btJ7JVg3ccM
"공유마당,",O,btJ7JVg3ccM
 ,O,btJ7JVg3ccM
CC,O,btJ7JVg3ccM
 ,O,btJ7JVg3ccM
BY,O,btJ7JVg3ccM
ㅡㅡㅡ,ㅡㅡㅡ,btJ7JVg3ccM
링크:,O,btJ7JVg3ccM
 ,O,btJ7JVg3ccM
https:,O,btJ7JVg3ccM
//,O,btJ7JVg3ccM
youtu.be/njJhIOUkPQo,O,btJ7JVg3ccM
ㅡㅡㅡ,ㅡㅡㅡ,btJ7JVg3ccM
Track:,O,btJ7JVg3ccM
 ,O,btJ7JVg3ccM
Secret,O,btJ7JVg3ccM
 ,O,btJ7JVg3ccM
To,O,btJ7JVg3ccM
 ,O,btJ7JVg3ccM
Happiness,O,btJ7JVg3ccM
 ,O,btJ7JVg3ccM
—,O,btJ7JVg3ccM
 ,O,btJ7JVg3ccM
JayJen,O,btJ7JVg3ccM
 ,O,btJ7JVg3ccM
[Audio,O,btJ7JVg3ccM
 ,O,btJ7JVg3ccM
Library,O,btJ7JVg3ccM
 ,O,btJ7JVg3ccM
Release],O,btJ7JVg3ccM
ㅡㅡㅡ,ㅡㅡㅡ,btJ7JVg3ccM
Music,O,btJ7JVg3ccM
 ,O,btJ7JVg3ccM
provided,O,btJ7JVg3ccM
 ,O,btJ7JVg3ccM
by,O,btJ7JVg3ccM
 ,O,btJ7JVg3ccM
Audio,O,btJ7JVg3ccM
 ,O,btJ7JVg3ccM
Library,O,btJ7JVg3ccM
 ,O,btJ7JVg3ccM
Plus,O,btJ7JVg3ccM
ㅡㅡㅡ,ㅡㅡㅡ,btJ7JVg3ccM
Watch:,O,btJ7JVg3ccM
 ,O,btJ7JVg3ccM
http,O,btJ7JVg3ccM
s://,O,btJ7JVg3ccM
youtu.be/0Pxy3vBwE1M,O,btJ7JVg3ccM
ㅡㅡㅡ,ㅡㅡㅡ,btJ7JVg3ccM
Free,O,btJ7JVg3ccM
 ,O,btJ7JVg3ccM
Download,O,btJ7JVg3ccM
 ,O,btJ7JVg3ccM
/,O,btJ7JVg3ccM
 ,O,btJ7JVg3ccM
Stream:,O,btJ7JVg3ccM
 ,O,btJ7JVg3ccM
h,O,btJ7JVg3ccM
ttps://,O,btJ7JVg3ccM
alplus.io/secret-happiness,O,btJ7JVg3ccM
ㅡㅡㅡ,ㅡㅡㅡ,ㅡㅡㅡ
0:00,O,tWXU1w15esI
 ,O,tWXU1w15esI
시작,O,tWXU1w15esI
ㅡㅡㅡ,ㅡㅡㅡ,tWXU1w15esI
4:10,O,tWXU1w15esI
 ,O,tWXU1w15esI
이야기,O,tWXU1w15esI
ㅡㅡㅡ,ㅡㅡㅡ,tWXU1w15esI
주스네일상,O,tWXU1w15esI
 ,O,tWXU1w15esI
(,O,tWXU1w15esI
 ,O,tWXU1w15esI
JuiceNe,O,tWXU1w15esI
 ,O,tWXU1w15esI
Daily,O,tWXU1w15esI
 ,O,tWXU1w15esI
Life,O,tWXU1w15esI
 ,O,tWXU1w15esI
),O,tWXU1w15esI
ㅡㅡㅡ,ㅡㅡㅡ,tWXU1w15esI
daily,O,tWXU1w15esI
 ,O,tWXU1w15esI
juice,O,tWXU1w15esI
 ,O,tWXU1w15esI
vlog,O,tWXU1w15esI
ㅡㅡㅡ,ㅡㅡㅡ,tWXU1w15esI
Instagram,O,tWXU1w15esI
 ,O,tWXU1w15esI
-,O,tWXU1w15esI
 ,O,tWXU1w15esI
daily.juice_20200813,O,tWXU1w15esI
ㅡㅡㅡ,ㅡㅡㅡ,tWXU1w15esI
네이버블로그,O,tWXU1w15esI
 ,O,tWXU1w15esI
-,O,tWXU1w15esI
 ,O,tWXU1w15esI
https://m.blog.naver.com/kje8188,O,tWXU1w15esI
 ,O,tWXU1w15esI
(,O,tWXU1w15esI
 ,O,tWXU1w15esI
주스,O,tWXU1w15esI
네일상,O,tWXU1w15esI
 ,O,tWXU1w15esI
),O,tWXU1w15esI
ㅡㅡㅡ,ㅡㅡㅡ,tWXU1w15esI
Music,O,tWXU1w15esI
 ,O,tWXU1w15esI
provided,O,tWXU1w15esI
 ,O,tWXU1w15esI
by,O,tWXU1w15esI
 ,O,tWXU1w15esI
브금,O,tWXU1w15esI
대통령,O,tWXU1w15esI
ㅡㅡㅡ,ㅡㅡㅡ,tWXU1w15esI
Track,O,tWXU1w15esI
겨울에피는꽃,O,tWXU1w15esI
httpsyoutubeVmrrd9nONDU,O,tWXU1w15esI
ㅡㅡㅡ,ㅡㅡㅡ,tWXU1w15esI
Track,O,tWXU1w15esI
낙화암,O,tWXU1w15esI
httpsyoutubeWjouTMIwfy0,O,tWXU1w15esI
ㅡㅡㅡ,ㅡㅡㅡ,tWXU1w15esI
TrackTheAutumnMoonhttpsyoutube47lAD0t2Rg,O,tWXU1w15esI
ㅡㅡㅡ,ㅡㅡㅡ,ㅡㅡㅡ
